date,open,high,low,close,volume,turnover,transactions,price_change,close_adj
20100104,40.1,40.25,39.1,39.3,4174116,164582641,1569,-0.7,20.397067815644338
20100105,39.5,39.65,37.95,38.0,5912337,227295706,2313,-1.3,19.722355648714633
20100106,38.05,38.6,37.8,38.2,6281949,239675737,2232,0.2,19.826157520549973
20100107,38.5,39.1,38.0,38.25,8790733,339471272,2834,0.05,19.852107988508813
20100108,38.3,38.4,37.35,38.0,5206354,196278602,1578,-0.25,19.722355648714633
20100111,39.0,40.1,38.6,39.45,13252046,522837245,4623,1.45,20.474919219520853
20100112,39.75,40.2,39.3,39.45,7046555,279924728,2334,0.0,20.474919219520853
20100113,39.45,39.65,39.05,39.25,2913993,114667922,1020,-0.2,20.371117347685516
20100114,39.6,40.2,39.5,39.6,5910894,235578588,1997,0.35,20.552770623397365
20100115,39.8,40.3,39.0,39.4,4026375,159577232,1593,-0.2,20.44896875156202
20100118,39.4,39.75,38.9,39.05,2563263,100660021,1169,-0.35,20.26731547585017
20100119,39.6,39.6,38.0,38.2,5419674,207985934,2110,-0.85,19.826157520549973
20100120,38.5,38.5,38.05,38.1,1685785,64470929,773,-0.1,19.774256584632305
20100121,38.0,38.4,37.5,37.6,2471168,93549296,1078,-0.5,19.51475190504396
20100122,37.0,37.0,36.15,36.4,2965407,108383212,1108,-1.2,18.89194067403192
20100125,36.0,36.85,36.0,36.5,1320589,48171883,653,0.1,18.94384160994958
20100126,36.8,36.9,33.95,34.0,2980784,104298056,1280,-2.5,17.64631821200783
20100127,34.0,34.4,32.9,33.3,3529369,118363378,1254,-0.7,17.283011660584144
20100128,33.7,34.85,33.5,34.8,1957233,66982106,876,1.5,18.061525699349186
20100129,34.2,35.45,33.65,35.3,1968029,68139871,884,0.5,18.321030378937536
20100201,35.3,35.5,34.0,34.2,1569750,54568323,620,-1.1,17.750120083843175
20100202,34.6,34.75,33.1,33.1,1611355,54538252,734,-1.1,17.1792097887488
20100203,33.5,33.75,33.0,33.75,2646531,88388164,1011,0.65,17.51656587221366
20100204,33.75,34.45,33.55,34.15,2372064,80668781,834,0.4,17.724169615884342
20100205,32.65,33.3,31.8,31.8,2333900,75254513,789,-2.35,16.504497621819098
20100206,32.05,32.1,29.6,30.8,3036691,92331911,942,-1.0,15.98548826264239
20100208,30.4,31.8,30.05,31.8,3014318,94000863,1071,1.0,16.504497621819098
20100209,31.8,33.5,31.55,33.3,2989490,98082589,1134,1.5,17.283011660584144
20100210,33.8,34.35,33.35,34.3,4395905,149660736,1277,1.0,17.802021019760844
20100222,35.8,35.8,34.3,34.35,2372477,82880435,781,0.05,17.82797148771968
20100223,34.3,34.3,33.65,34.3,1344062,45659815,520,-0.05,17.802021019760844
20100224,33.7,35.1,33.7,34.4,2807819,97195099,948,0.1,17.85392195567851
20100225,34.5,34.9,33.9,34.1,1814745,62477803,756,-0.3,17.6982191479255
20100226,34.1,34.15,33.2,33.4,1357687,45713042,524,-0.7,17.334912596501812
20100301,33.4,33.95,33.4,33.85,1923649,64771835,753,0.45,17.568466808131326
20100302,34.0,35.4,33.9,34.9,4881274,169857356,1636,1.05,18.113426635266865
20100303,34.5,35.15,34.15,34.2,2152212,74198625,822,-0.7,17.750120083843175
20100304,33.95,34.9,33.9,34.2,2373727,81760160,772,0.0,17.750120083843175
20100305,34.8,34.8,34.4,34.5,1174023,40578137,511,0.3,17.905822891596184
20100308,34.8,35.05,34.6,34.9,1986996,69243100,733,0.4,18.113426635266865
20100309,35.0,35.4,34.7,35.1,2498458,87766869,843,0.2,18.217228507102206
20100310,35.0,35.25,34.35,34.4,2965794,102623477,1361,-0.7,17.85392195567851
20100311,34.6,34.75,34.15,34.15,1662609,57358224,630,-0.25,17.724169615884342
20100312,34.25,34.8,34.15,34.5,2052921,70865579,680,0.35,17.905822891596184
20100315,34.5,34.7,33.8,33.8,1469974,50326666,550,-0.7,17.542516340172494
20100316,33.8,34.0,33.6,33.95,1290136,43557311,510,0.15,17.620367744049002
20100317,34.25,34.8,34.1,34.65,3126863,108020871,1013,0.7,17.983674295472685
20100318,34.75,36.4,34.6,35.65,8129492,289411008,2764,1.0,18.50268365464939
20100319,36.0,36.5,35.7,36.3,4194400,151084177,1570,0.65,18.84003973811425
20100322,36.25,36.4,35.55,36.0,2684653,96725950,852,-0.3,18.684336930361233
20100323,36.2,37.3,36.0,36.2,4848160,177749035,1702,0.2,18.788138802196578
20100324,36.7,37.9,36.4,37.0,7455393,277690789,2333,0.8,19.203346289537933
20100325,37.0,37.65,36.7,37.35,4183943,155825327,1353,0.35,19.384999565249778
20100326,37.6,38.45,37.2,37.7,4645626,176372607,1600,0.35,19.566652840961634
20100329,37.8,38.15,37.0,37.15,2967013,111017881,1164,-0.55,19.281197693414434
20100330,37.3,38.0,37.0,37.05,2559242,95832724,985,-0.1,19.229296757496765
20100331,36.8,37.3,36.8,36.8,1481523,54767363,599,-0.25,19.099544417702592
20100401,36.85,37.15,36.8,36.8,1473258,54420993,578,0.0,19.099544417702592
20100402,36.9,37.6,36.9,37.6,2101113,78301845,766,0.8,19.51475190504396
20100406,37.9,38.15,37.5,37.85,3250766,123013917,1244,0.25,19.644504244838135
20100407,37.85,38.5,37.55,37.9,4105323,156304999,1311,0.05,19.670454712796964
20100408,38.5,39.55,38.2,38.6,10677919,416557609,3452,0.7,20.03376126422066
20100409,39.0,39.3,38.65,38.8,3759240,146419461,1045,0.2,20.137563136056
20100412,38.9,39.25,38.5,38.85,2467313,95878935,661,0.05,20.163513604014828
20100413,38.65,38.65,37.25,37.35,3378097,127330507,965,-1.5,19.384999565249778
20100414,37.35,37.8,37.3,37.35,2577223,96448753,746,0.0,19.384999565249778
20100415,37.55,38.5,37.55,38.1,1770515,67400562,649,0.75,19.774256584632305
20100416,38.1,38.1,37.5,37.95,986492,37190192,422,-0.15,19.696405180755807
20100419,37.3,37.9,36.0,36.55,1827586,67246799,671,-1.4,18.96979207790842
20100420,37.0,37.0,36.1,36.6,1414444,51644196,491,0.05,18.995742545867255
20100421,36.8,37.4,36.8,37.2,1199840,44601411,469,0.6,19.307148161373277
20100422,37.3,38.95,37.3,38.95,6811093,262189256,2249,1.75,20.2154145399325
20100423,39.15,39.45,38.2,38.4,5312520,207161584,1556,-0.55,19.929959392385317
20100426,38.4,38.8,38.0,38.15,2979827,114273476,931,-0.25,19.800207052591148
20100427,38.2,39.65,38.15,39.2,7104994,278134097,2607,1.05,20.345166879726676
20100428,38.4,40.7,38.3,39.9,19700561,788558764,6025,0.7,20.708473431150363
20100429,40.1,40.45,39.35,40.0,8656237,346161730,3096,0.1,20.760374367068035
20100430,40.0,40.3,39.35,39.4,7455438,296856282,2641,-0.6,20.44896875156202
20100503,39.4,40.3,39.25,40.0,4528265,180798052,1590,0.6,20.760374367068035
20100504,40.7,41.75,40.3,41.6,14042458,576435027,5149,1.6,21.59078934175076
20100505,40.4,41.5,39.4,40.85,6799807,274660253,2511,-0.75,21.201532322368237
20100506,40.85,41.0,39.1,39.35,6726500,271351400,2303,-1.5,20.423018283603177
20100507,38.55,39.45,37.3,39.4,6559984,252807817,2186,0.05,20.44896875156202
20100510,39.4,40.15,38.8,39.9,3177301,126126106,1296,0.5,20.708473431150363
20100511,40.45,40.45,38.9,38.9,5237765,208395285,1629,-1.0,20.189464071973667
20100512,39.1,39.45,38.4,38.45,2287269,88616905,987,-0.45,19.955909860344157
20100513,39.2,40.5,39.0,40.35,8083424,324046342,2599,1.9,20.942027642779887
20100514,40.35,41.2,39.8,41.0,5686458,231899128,2099,0.65,21.279383726244742
20100517,40.8,41.25,39.5,40.0,3738634,150943560,1514,-1.0,20.760374367068035
20100518,40.25,40.3,38.7,38.8,3436171,135182031,1423,-1.2,20.137563136056
20100519,38.6,39.85,38.4,39.6,3394805,133150325,1437,0.8,20.552770623397365
20100520,39.65,40.05,38.2,38.2,3251539,127052703,1284,-1.4,19.826157520549973
20100521,36.7,37.0,36.2,36.4,2794909,102013003,1119,-1.8,18.89194067403192
20100524,36.6,37.1,36.25,37.0,1685626,61878067,670,0.6,19.203346289537933
20100525,36.7,36.7,34.45,35.0,3504033,124193613,1286,-2.0,18.165327571184534
20100526,35.5,36.7,35.3,36.55,2730997,98183236,982,1.55,18.96979207790842
20100527,36.55,37.25,36.2,37.0,1603180,59152310,713,0.45,19.203346289537933
20100528,37.8,37.95,37.4,37.65,2392770,90026351,867,0.65,19.54070237300279
20100531,37.55,37.9,37.0,37.45,2009645,75384207,662,-0.2,19.436900501167457
20100601,37.55,37.6,37.1,37.1,1576304,58794530,743,-0.35,19.2552472254556
20100602,37.0,37.4,36.55,36.55,1139396,42061171,575,-0.55,18.96979207790842
20100603,37.4,38.1,37.15,37.75,2801339,105882794,1024,1.2,19.59260330892046
20100604,37.75,39.45,37.75,39.45,3995467,154532918,1490,1.7,20.474919219520853
20100607,38.5,38.7,37.9,38.2,1617656,61732308,598,-1.25,19.826157520549973
20100608,38.25,38.9,38.2,38.7,1204701,46504228,546,0.5,20.08566220013833
20100609,38.9,39.8,37.35,37.35,3874787,149024192,1329,-1.35,19.384999565249778
20100610,37.4,37.7,36.7,37.5,1885000,70155450,651,0.15,19.462850969126286
20100611,38.3,38.3,37.6,37.6,1181599,44801430,502,0.1,19.51475190504396
20100614,38.0,38.2,37.5,37.65,720157,27167505,359,0.05,19.54070237300279
20100615,37.7,38.0,37.4,38.0,1936678,72964410,675,0.35,19.722355648714633
20100617,38.2,38.8,38.1,38.45,2818726,108771264,1014,0.45,19.955909860344157
20100618,38.65,39.2,38.5,38.8,3275557,127267659,1268,0.35,20.137563136056
20100621,39.1,39.7,38.5,39.6,3453758,135373349,1332,0.8,20.552770623397365
20100622,39.4,39.5,39.05,39.25,1256244,49302735,539,-0.35,20.371117347685516
20100623,38.8,40.1,38.8,39.8,3135995,124002694,1229,0.55,20.65657249523269
20100624,39.85,40.55,39.55,40.5,4960862,199508885,1804,0.7,21.01987904665638
20100625,40.05,40.4,39.3,40.3,2473689,98823709,912,-0.2,20.916077174821055
20100628,40.5,40.5,39.15,39.9,2043190,81447902,686,-0.4,20.708473431150363
20100629,39.9,40.2,38.8,39.5,2097750,82616649,701,-0.4,20.50086968747969
20100630,37.0,39.0,37.0,38.9,1930580,73796762,638,-0.6,20.189464071973667
20100701,38.9,39.3,37.2,37.8,2789883,105816093,1051,-1.1,19.618553776879295
20100702,37.9,38.05,37.3,37.45,2736823,103138267,1026,-0.35,19.436900501167457
20100705,37.45,37.95,37.45,37.8,1510877,56954667,513,0.35,19.618553776879295
20100706,37.75,39.35,37.6,39.2,3022987,116470091,1067,1.4,20.345166879726676
20100707,39.2,39.4,38.65,38.75,1267965,49354946,560,-0.45,20.111612668097163
20100708,39.15,39.8,39.15,39.75,2349864,92846261,921,1.0,20.630622027273862
20100709,40.0,40.7,40.0,40.2,5467222,220430329,1543,0.45,20.864176238903383
20100712,40.3,40.4,39.7,39.75,1311490,52548000,528,-0.45,20.630622027273862
20100713,40.0,40.5,39.55,39.55,2878171,115247102,1089,-0.2,20.526820155438525
20100714,40.3,40.4,39.8,40.0,1709986,68523940,621,0.45,20.760374367068035
20100715,40.05,41.65,40.05,41.0,6525597,269075490,2403,1.0,21.279383726244742
20100716,41.2,41.45,40.0,40.05,2012270,81689556,901,-0.95,20.78632483502687
20100719,39.8,40.0,39.55,39.7,1250111,49688736,570,-0.35,20.604671559315033
20100720,40.1,40.4,39.7,40.15,1702739,68261220,650,0.45,20.83822577094454
20100721,40.3,40.3,39.4,39.6,2794706,110819564,1132,-0.55,20.552770623397365
20100722,39.35,39.9,39.35,39.65,838849,33244488,387,0.05,20.578721091356197
20100723,40.3,40.55,39.7,40.0,2467329,99089160,885,0.35,20.760374367068035
20100726,40.2,40.35,39.55,39.65,2153833,86012851,714,-0.35,20.578721091356197
20100727,39.8,40.2,39.6,39.65,1707151,67923364,596,0.0,20.578721091356197
20100728,39.65,40.15,39.5,40.05,2082341,82863449,738,0.4,20.78632483502687
20100729,40.15,41.0,39.9,40.05,5660295,229265016,1961,0.0,20.78632483502687
20100730,39.9,39.9,38.8,38.8,2734611,107758215,1110,-1.25,20.137563136056
20100802,39.0,39.45,38.6,39.3,3102786,121122468,1292,0.5,20.397067815644338
20100803,39.5,39.5,38.3,38.5,3700216,143171012,1439,-0.8,19.981860328302986
20100804,38.5,39.0,38.4,38.55,3852702,148626726,1360,0.05,20.00781079626182
20100805,38.65,39.0,38.5,38.6,2022274,78366798,873,0.05,20.03376126422066
20100806,38.5,38.65,38.05,38.2,2296615,87951089,720,-0.4,19.826157520549973
20100809,38.1,38.8,38.05,38.55,1708579,65608138,618,0.35,20.00781079626182
20100810,38.9,38.9,38.15,38.25,1163605,44667586,442,-0.3,19.852107988508813
20100811,38.05,38.1,37.5,37.5,2636140,99594899,892,-0.75,19.462850969126286
20100812,37.45,37.8,37.1,37.7,1036446,38952095,391,0.2,19.566652840961634
20100813,37.8,38.5,37.8,38.5,1484103,56745796,561,0.8,19.981860328302986
20100816,38.5,38.6,38.0,38.3,1674689,64002182,542,-0.2,19.87805845646765
20100817,38.3,39.3,38.1,38.9,3598572,139530361,1378,0.6,20.189464071973667
20100818,39.0,39.3,38.65,38.65,1830517,71155051,710,-0.25,20.05971173217949
20100819,38.7,39.6,38.55,39.0,3424888,134020782,1340,0.35,20.24136500789134
20100820,39.0,39.25,38.7,38.7,1681424,65385388,727,-0.3,20.08566220013833
20100823,38.75,38.8,38.05,38.25,2368772,90926207,850,-0.45,19.852107988508813
20100824,38.7,38.75,38.15,38.5,2471560,95011452,952,0.25,19.981860328302986
20100825,38.2,38.25,37.5,37.65,2223902,84023721,884,-0.85,19.54070237300279
20100826,37.65,38.0,37.3,37.35,851122,31939097,387,-0.3,19.384999565249778
20100827,37.65,37.85,37.1,37.15,1463409,54774824,615,-0.2,19.281197693414434
20100830,37.5,37.65,36.6,36.6,3127166,115541945,1006,-0.55,18.995742545867255
20100831,36.1,36.1,34.05,34.25,5537490,191312228,1639,-2.35,17.776070551802007
20100901,34.1,34.7,34.1,34.35,2855887,98110915,956,+0.10,17.82797148771968
20100902,34.7,36.0,34.7,36.0,3576646,126603456,1458,+1.65,18.684336930361233
20100903,36.5,37.35,36.3,36.95,4948590,182343312,1848,+0.95,19.177395821579097
20100906,37.4,37.5,36.8,36.95,2394407,88867134,933, 0.00,19.177395821579097
20100907,37.2,37.2,36.1,36.45,2847605,103944608,1284,-0.50,18.917891141990758
20100908,36.1,36.35,35.5,35.8,1965037,70374414,889,-0.65,18.580535058525893
20100909,36.2,36.2,35.3,35.5,2528497,89930491,920,-0.30,18.424832250772884
20100910,35.75,36.25,35.7,36.15,3843666,138265214,1466,+0.65,18.762188334237738
20100913,34.5,34.9,34.3,34.75,3772711,130604283,1337,X0.00,19.09060104331323
20100914,34.85,34.9,34.5,34.7,2076115,72156825,808,-0.05,19.063132552603438
20100915,34.7,34.8,34.5,34.65,2050681,70973508,751,-0.05,19.03566406189363
20100916,34.9,34.9,34.0,34.15,2828331,97126367,1005,-0.50,18.7609791547956
20100917,34.3,34.45,33.8,34.4,3798786,129624464,1424,+0.25,18.898321608344613
20100920,34.5,34.7,33.95,34.35,1780619,60924047,828,-0.05,18.870853117634812
20100921,34.65,34.65,34.0,34.65,4495594,154289325,1493,+0.30,19.03566406189363
20100923,34.7,36.1,34.65,35.6,8547002,304461066,3011,+0.95,19.557565385379895
20100924,35.6,35.8,35.15,35.2,2326765,82256365,1022,-0.40,19.337817459701466
20100927,35.6,35.7,35.0,35.1,2114329,74488996,914,-0.10,19.282880478281854
20100928,35.0,35.0,34.6,34.7,1949244,67684323,751,-0.40,19.063132552603438
20100929,34.85,36.2,34.5,36.2,9055162,320010683,2608,+1.50,19.88718727389753
20100930,36.35,36.8,35.75,36.1,12053760,437439660,4143,-0.10,19.83225029247792
20101001,36.1,36.15,35.35,35.4,3068321,109548877,1313,-0.70,19.447691422540682
20101004,35.6,35.9,35.05,35.05,2561370,90997117,1021,-0.35,19.255411987572057
20101005,34.95,35.0,34.05,34.5,4510243,155294589,1604,-0.55,18.953258589764218
20101006,34.8,34.9,34.15,34.55,3095983,106628963,1059,+0.05,18.980727080474022
20101007,34.5,34.75,34.25,34.35,2164172,74581913,1029,-0.20,18.870853117634812
20101008,34.5,34.5,34.1,34.1,1602301,54923962,661,-0.25,18.7335106640858
20101011,34.1,34.6,33.95,34.4,1726094,59220766,607,+0.30,18.898321608344613
20101012,34.5,34.5,33.75,33.85,2393057,81320781,851,-0.55,18.596168210536778
20101013,33.9,34.15,33.8,33.95,1815571,61555582,675,+0.10,18.651105191956386
20101014,34.2,34.4,34.15,34.2,1783611,61154044,754,+0.25,18.788447645505407
20101015,34.2,34.35,33.6,33.6,1897548,64278408,715,-0.60,18.45882575698776
20101018,33.8,33.8,32.9,32.95,1723699,57181076,568,-0.65,18.101735377760317
20101019,32.8,33.2,32.5,32.55,1383000,45461895,566,-0.40,17.88198745208189
20101020,32.05,33.15,32.0,33.15,1894454,62017932,761,+0.60,18.211609340599534
20101021,33.25,33.35,32.95,33.0,1121901,37224324,507,-0.15,18.129203868470125
20101022,33.2,33.65,33.2,33.45,1327780,44483083,598,+0.45,18.37642028485836
20101025,33.5,33.8,33.25,33.6,1643750,55019299,687,+0.15,18.45882575698776
20101026,33.75,33.75,33.05,33.2,2245825,74663713,714,-0.40,18.239077831309338
20101027,33.3,33.55,32.8,33.0,1883058,62301264,605,-0.20,18.129203868470125
20101028,32.8,33.3,32.8,33.2,1358029,44871304,606,+0.20,18.239077831309338
20101029,33.45,34.3,33.4,33.8,4751337,161309805,1835,+0.60,18.568699719826967
20101101,34.05,35.0,34.05,34.4,5160269,178574749,2035,+0.60,18.898321608344613
20101102,34.8,34.9,34.2,34.2,3520417,121655613,1257,-0.20,18.788447645505407
20101103,34.4,34.5,33.1,33.1,3006093,100833464,1001,-1.10,18.184140849889733
20101104,33.0,33.45,32.9,33.2,2723760,90027213,1007,+0.10,18.239077831309338
20101105,33.45,33.65,33.15,33.2,1340789,44611364,505, 0.00,18.239077831309338
20101108,33.0,33.0,32.3,32.45,2269034,73983044,730,-0.75,17.827050470662293
20101109,32.7,32.7,32.4,32.65,1657690,53887972,741,+0.20,17.93692443350151
20101110,32.65,32.65,32.3,32.4,1316464,42623461,486,-0.25,17.79958197995248
20101111,32.4,32.75,32.2,32.7,1864706,60703564,835,+0.30,17.964392924211303
20101112,32.5,32.5,32.2,32.35,1223021,39499579,469,-0.35,17.77211348924268
20101115,32.3,32.3,31.8,31.85,1140668,36461226,440,-0.50,17.49742858214465
20101116,31.85,32.1,31.85,32.0,794846,25408825,293,+0.15,17.579834054274055
20101117,31.8,32.45,31.65,32.45,1450414,46670271,550,+0.45,17.827050470662293
20101118,32.6,32.65,32.2,32.3,608999,19754767,299,-0.15,17.74464499853288
20101119,32.6,32.6,32.1,32.1,1080513,35001519,403,-0.20,17.634771035693674
20101122,32.25,32.4,32.05,32.2,912270,29367816,312,+0.10,17.689708017113276
20101123,32.2,32.3,31.8,31.85,1675444,53651836,675,-0.35,17.49742858214465
20101124,31.6,31.9,31.5,31.65,903408,28634710,398,-0.20,17.387554619305437
20101125,32.0,32.85,31.65,32.45,3443187,111696347,1251,+0.80,17.827050470662293
20101126,32.7,33.2,32.55,32.75,3554804,117069407,1180,+0.30,17.991861414921107
20101129,33.1,33.15,32.7,32.85,1935639,63610706,601,+0.10,18.046798396340716
20101130,33.0,34.1,32.9,33.85,5843579,197193057,1814,+1.00,18.596168210536778
20101201,34.1,34.7,34.05,34.3,5845343,200521861,1721,+0.45,18.843384626925005
20101202,34.5,34.8,34.2,34.3,4365206,150282076,1374, 0.00,18.843384626925005
20101203,34.3,34.7,33.85,33.95,3663470,125638134,1295,-0.35,18.651105191956386
20101206,34.2,34.2,33.65,33.7,2713150,91999148,1236,-0.25,18.51376273840737
20101207,33.7,34.1,33.4,34.1,2907575,98058116,1239,+0.40,18.7335106640858
20101208,34.2,34.45,33.85,34.15,2210155,75583684,938,+0.05,18.7609791547956
20101209,34.65,36.5,34.3,35.6,15943560,571013576,5086,+1.45,19.557565385379895
20101210,35.5,36.35,35.2,35.65,6870589,246274507,2340,+0.05,19.585033876089692
20101213,36.0,36.35,35.7,36.0,4983009,180036266,1533,+0.35,19.777313311058315
20101214,36.0,36.65,35.55,35.6,4877122,175504870,1641,-0.40,19.557565385379895
20101215,35.6,35.8,34.6,34.95,3873606,135361736,1325,-0.65,19.20047500615245
20101216,34.8,35.15,34.65,34.7,1772731,61754159,768,-0.25,19.063132552603438
20101217,34.8,36.2,34.8,35.5,8988611,321648351,2651,+0.80,19.502628403960287
20101220,35.6,35.9,34.9,35.1,2078745,73039048,817,-0.40,19.282880478281854
20101221,35.1,35.25,35.0,35.2,1950395,68460950,766,+0.10,19.337817459701466
20101222,35.6,35.6,35.0,35.2,2368303,83452547,798, 0.00,19.337817459701466
20101223,35.3,36.4,35.25,35.85,8063623,290770913,2650,+0.65,19.69490783892891
20101224,36.2,37.5,36.15,36.8,17914718,662839857,4761,+0.95,20.216809162415167
20101227,36.8,36.8,35.95,36.0,4150725,150146300,1533,-0.80,19.777313311058315
20101228,36.15,36.6,35.8,35.9,2553822,92262464,896,-0.10,19.722376329638703
20101229,36.0,36.15,35.0,35.0,3045543,107862905,1268,-0.90,19.227943496862252
20101230,35.55,35.55,34.65,34.85,1875138,65473669,729,-0.15,19.145538024732847
20101231,35.0,35.05,34.5,34.5,2413673,83970543,789,-0.35,18.953258589764218
20110103,34.7,34.95,34.0,34.4,3680766,126363343,922,-0.10,18.898321608344613
20110104,34.75,34.75,34.15,34.65,3022631,104064456,1148,+0.25,19.03566406189363
20110105,34.5,34.6,33.9,34.1,2262715,77579028,1072,X0.00,18.7335106640858
20110106,34.3,34.35,33.9,34.1,2381012,81235883,852, 0.00,18.7335106640858
20110107,34.2,34.6,34.1,34.15,2230544,76537099,879,+0.05,18.7609791547956
20110110,34.25,34.25,32.95,33.4,3812026,127202269,1469,-0.75,18.348951794148547
20110111,33.35,33.75,33.2,33.6,2894215,96665019,1149,+0.20,18.45882575698776
20110112,33.6,33.85,33.35,33.75,2887292,96923653,926,+0.15,18.541231229117177
20110113,33.85,34.45,33.8,33.95,3626534,123828221,1188,+0.20,18.651105191956386
20110114,33.95,34.05,33.45,33.45,1724602,58017364,688,-0.50,18.37642028485836
20110117,33.7,33.8,33.1,33.25,2076411,69182109,758,-0.20,18.26654632201914
20110118,33.25,33.8,33.05,33.5,2010101,67047879,778,+0.25,18.403888775568156
20110119,33.7,34.1,33.45,33.9,3565691,120674614,1200,+0.40,18.623636701246575
20110120,33.9,34.25,33.7,33.75,2744081,93249675,831,-0.15,18.541231229117177
20110121,33.75,34.15,33.75,33.85,1900838,64547652,757,+0.10,18.596168210536778
20110124,33.95,33.95,33.4,33.45,1725311,57916581,576,-0.40,18.37642028485836
20110125,33.6,33.65,33.3,33.4,2166514,72362168,578,-0.05,18.348951794148547
20110126,33.4,33.55,33.25,33.4,786040,26217369,426, 0.00,18.348951794148547
20110127,33.6,33.65,33.3,33.6,1273906,42608237,465,+0.20,18.45882575698776
20110128,33.6,33.75,33.3,33.4,1368646,45756557,520,-0.20,18.348951794148547
20110208,33.4,33.6,33.0,33.0,1352691,45024978,486,-0.40,18.129203868470125
20110209,33.1,33.2,32.0,32.05,2150474,69892693,937,-0.95,17.607302544983863
20110210,31.6,32.15,31.6,31.8,1717819,54744777,628,-0.25,17.469960091434846
20110211,31.8,32.05,30.5,30.75,3026692,94483152,1020,-1.05,16.893121786528976
20110214,30.75,31.1,30.65,30.75,4789916,147705234,1312, 0.00,16.893121786528976
20110215,30.75,31.45,30.55,31.0,2674925,83072054,872,+0.25,17.030464240077993
20110216,31.2,31.25,30.95,31.0,1663059,51634643,654, 0.00,17.030464240077993
20110217,31.3,32.7,31.3,32.1,5639794,181559292,2102,+1.10,17.634771035693674
20110218,32.4,32.55,31.85,31.9,1889454,60675425,732,-0.20,17.52489707285445
20110221,32.0,32.0,31.1,31.3,1951626,61484967,725,-0.60,17.19527518433681
20110222,31.5,31.5,30.5,30.75,4589660,141604761,1955,-0.55,16.893121786528976
20110223,30.65,30.85,29.9,30.1,2863126,87111239,1000,-0.65,16.53603140730154
20110224,30.0,30.6,30.0,30.05,2703918,81929142,986,-0.05,16.508562916591735
20110225,30.4,30.45,29.65,30.3,2605478,78282269,911,+0.25,16.645905370140746
20110301,30.6,31.25,30.5,31.0,3005938,93188978,1372,+0.70,17.030464240077993
20110302,31.2,32.75,31.0,32.5,8177172,263418644,3050,+1.50,17.854518961372097
20110303,33.3,34.25,33.3,33.6,17165582,579778122,5617,+1.10,18.45882575698776
20110304,33.8,34.1,33.3,33.9,7472470,251845344,2659,+0.30,18.623636701246575
20110307,33.95,34.85,33.9,34.45,11734481,404474375,3717,+0.55,18.92579009905442
20110308,34.45,34.8,34.0,34.0,5827227,200223707,1965,-0.45,18.678573682666194
20110309,34.5,35.6,34.2,34.9,17235916,605124807,5476,+0.90,19.173006515442644
20110310,34.85,35.3,34.5,35.3,9753607,340964202,3276,+0.40,19.392754441121074
20110311,35.0,36.2,34.9,35.45,16315051,582520470,5375,+0.15,19.47515991325048
20110314,35.45,35.45,34.0,34.7,8736621,301592468,2653,-0.75,19.063132552603438
20110315,34.7,35.3,32.3,32.3,11742922,391651070,3193,-2.40,17.74464499853288
20110316,32.9,32.95,31.15,32.05,7059472,224824168,2361,-0.25,17.607302544983863
20110317,30.85,32.0,30.6,31.7,5811904,182238848,1793,-0.35,17.415023110015238
20110318,31.95,33.1,31.95,32.95,6402931,209359666,2171,+1.25,18.101735377760317
20110321,33.0,33.5,32.7,33.0,4727246,156213988,1724,+0.05,18.129203868470125
20110322,33.1,33.55,32.95,32.95,4635785,154062911,1745,-0.05,18.101735377760317
20110323,33.1,34.6,32.9,34.55,10198852,348314398,3579,+1.60,18.980727080474022
20110324,34.7,35.1,33.5,34.45,9693871,331344061,3156,-0.10,18.92579009905442
20110325,34.5,34.6,33.75,33.75,5141461,175088952,2038,-0.70,18.541231229117177
20110328,33.9,33.9,33.0,33.0,3202352,106854866,1223,-0.75,18.129203868470125
20110329,32.6,33.45,32.45,32.55,2968385,97623175,1267,-0.45,17.88198745208189
20110330,32.6,33.1,32.55,32.65,1982337,65084198,917,+0.10,17.93692443350151
20110331,32.8,33.45,32.65,32.8,3049692,100655942,1391,+0.15,18.019329905630908
20110401,33.3,33.3,32.3,32.55,2237314,72855031,991,-0.25,17.88198745208189
20110406,32.5,33.05,32.45,32.8,3060565,100356578,1183,+0.25,18.019329905630908
20110407,33.15,33.45,32.7,33.15,2986950,99229686,1259,+0.35,18.211609340599534
20110408,33.3,34.25,33.05,33.9,6722660,227292327,2425,+0.75,18.623636701246575
20110411,34.05,34.2,33.55,33.7,3569568,121009111,1365,-0.20,18.51376273840737
20110412,33.5,33.5,32.95,33.05,2097675,69586203,1009,-0.65,18.15667235917992
20110413,33.0,33.6,32.85,33.5,1419402,47341565,689,+0.45,18.403888775568156
20110414,33.75,33.75,33.35,33.5,1375032,46121669,569, 0.00,18.403888775568156
20110415,33.95,34.15,33.5,33.5,3431344,116087717,1290, 0.00,18.403888775568156
20110418,33.9,34.1,33.3,33.3,2220286,74804728,868,-0.20,18.294014812728946
20110419,32.85,33.0,32.25,32.5,2671812,86953136,1045,-0.80,17.854518961372097
20110420,32.6,33.1,32.6,32.6,2280395,74835432,993,+0.10,17.909455942791702
20110421,32.7,33.2,32.7,32.75,2540516,83686319,935,+0.15,17.991861414921107
20110422,32.75,33.05,32.35,32.45,3050037,99576643,1238,-0.30,17.827050470662293
20110425,32.5,32.65,31.65,31.7,3636628,116217979,1419,-0.75,17.415023110015238
20110426,31.7,32.15,31.4,31.6,2765279,87572483,1074,-0.10,17.360086128595633
20110427,31.65,32.1,31.65,31.8,2235254,71146397,802,+0.20,17.469960091434846
20110428,32.3,32.3,31.65,31.7,1969702,62828097,734,-0.10,17.415023110015238
20110429,32.3,32.35,31.7,31.9,4174683,133737576,1365,+0.20,17.52489707285445
20110503,32.0,32.2,31.15,31.2,2699095,84856460,974,-0.70,17.140338202917214
20110504,31.2,31.6,31.2,31.45,1407307,44037348,557,+0.25,17.277680656466227
20110505,31.45,31.45,31.05,31.1,2457285,76717637,847,-0.35,17.085401221497605
20110506,31.1,31.75,30.9,31.15,2477334,77353317,1077,+0.05,17.11286971220741
20110509,31.3,31.85,31.3,31.6,2625901,83081374,927,+0.45,17.360086128595633
20110510,31.5,31.5,30.95,31.1,2929170,91301270,883,-0.50,17.085401221497605
20110511,31.2,32.15,31.2,32.0,4632758,147261006,1913,+0.90,17.579834054274055
20110512,32.0,32.2,31.85,32.05,2976837,95242046,1284,+0.05,17.607302544983863
20110513,33.0,33.6,33.0,33.05,10523368,349597970,3826,+1.00,18.15667235917992
20110516,33.05,33.25,32.65,32.7,2177793,71648471,936,-0.35,17.964392924211303
20110517,32.8,32.85,32.3,32.45,1471955,47828587,583,-0.25,17.827050470662293
20110518,32.45,33.7,32.45,33.5,9048106,300947944,3476,+1.05,18.403888775568156
20110519,33.6,33.8,33.2,33.6,5114355,171389868,1968,+0.10,18.45882575698776
20110520,33.8,33.8,33.1,33.25,4658363,155770659,1628,-0.35,18.26654632201914
20110523,33.45,33.7,32.8,32.8,4372036,145378426,1739,-0.45,18.019329905630908
20110524,32.8,33.15,32.25,32.4,2880800,93971408,1158,-0.40,17.79958197995248
20110525,32.3,32.4,31.85,31.9,3149719,100886058,1129,-0.50,17.52489707285445
20110526,32.05,32.3,31.9,31.9,2112375,67746609,822, 0.00,17.52489707285445
20110527,32.1,32.6,32.05,32.1,2219434,71840929,914,+0.20,17.634771035693674
20110530,32.35,32.55,32.1,32.55,1527425,49514432,614,+0.45,17.88198745208189
20110531,32.55,33.6,32.55,33.5,6901313,230266380,2422,+0.95,18.403888775568156
20110601,33.5,33.75,33.2,33.5,4610704,154352026,1439, 0.00,18.403888775568156
20110602,33.15,34.1,33.1,33.5,11472183,387801742,3859, 0.00,18.403888775568156
20110603,33.75,34.2,33.65,33.7,5342053,181177371,1963,+0.20,18.51376273840737
20110607,33.9,33.9,33.05,33.3,3345858,111344541,1607,-0.40,18.294014812728946
20110608,33.5,33.65,33.0,33.1,3123342,103902816,1415,-0.20,18.184140849889733
20110609,33.4,33.45,32.9,32.9,3201949,106232618,1035,-0.20,18.074266887050516
20110610,33.2,33.6,32.75,32.75,5321635,176400176,1959,-0.15,17.991861414921107
20110613,32.0,32.0,30.95,31.0,6505781,204544261,2325,-1.75,17.030464240077993
20110614,31.5,31.7,31.1,31.45,2062284,64884545,874,+0.45,17.277680656466227
20110615,31.8,31.85,31.25,31.8,1965343,62050604,1067,+0.35,17.469960091434846
20110616,31.8,31.9,31.5,31.85,2215451,70393932,985,+0.05,17.49742858214465
20110617,32.0,32.6,31.7,32.6,2313121,74277642,911,+0.75,17.909455942791702
20110620,32.7,32.75,30.9,31.05,2647025,83734330,1062,-1.55,17.057932730787805
20110621,31.2,31.45,30.2,31.0,2489657,76381376,947,-0.05,17.030464240077993
20110622,31.45,31.5,31.05,31.15,1393541,43568081,622,+0.15,17.11286971220741
20110623,31.15,31.35,30.95,31.05,1049101,32647910,420,-0.10,17.057932730787805
20110624,31.0,31.05,30.65,30.65,1123287,34630399,435,-0.40,16.83818480510937
20110627,30.3,30.85,30.15,30.55,1196554,36473812,423,-0.10,16.783247823689763
20110628,30.55,31.2,30.55,31.05,1182329,36621111,490,+0.50,17.057932730787805
20110629,31.35,31.35,31.0,31.1,1241996,38726919,456,+0.05,17.085401221497605
20110630,31.1,31.2,30.65,30.65,1201872,37210242,556,-0.45,16.83818480510937
20110701,31.05,31.85,31.05,31.25,2449265,77116527,1021,+0.60,17.167806693627007
20110704,31.4,31.55,31.15,31.15,1193580,37404680,474,-0.10,17.11286971220741
20110705,31.2,31.2,30.6,30.7,1573708,48463330,706,-0.45,16.865653295819175
20110706,30.7,31.3,30.7,30.9,1288988,40023278,527,+0.20,16.975527258658385
20110707,31.05,31.25,30.95,31.0,1205919,37478239,439,+0.10,17.030464240077993
20110708,31.0,31.1,30.5,30.55,2080330,63881894,750,-0.45,16.783247823689763
20110711,30.5,30.5,29.7,29.8,2328908,69784492,927,-0.75,16.371220463042714
20110712,29.0,29.35,27.8,27.8,3926483,111548439,1355,-2.00,15.27248083465059
20110713,27.8,28.5,26.0,27.05,3208442,87879045,1203,-0.75,14.860453474003544
20110714,27.15,27.5,25.95,26.5,2896050,76751543,1127,-0.55,14.55830007619571
20110715,26.5,27.2,26.3,27.05,2656929,71353783,1052,+0.55,14.860453474003544
20110718,27.2,27.2,26.7,26.8,1500285,40355901,502,-0.25,14.723111020454525
20110719,26.8,27.4,26.65,27.25,1054600,28565448,594,+0.45,14.970327436842757
20110720,27.5,27.7,27.4,27.5,1277915,35174201,752,+0.25,15.107669890391765
20110721,27.65,27.7,26.95,27.1,1322008,36023612,519,-0.40,14.88792196471334
20110722,27.2,28.1,27.2,27.95,2193007,60827142,950,+0.85,15.354886306779997
20110725,27.9,28.4,27.85,27.9,1496767,41938463,607,-0.05,15.327417816070195
20110726,27.9,28.15,27.65,27.7,1293166,36050477,451,-0.20,15.217543853230978
20110727,28.0,28.05,27.75,28.0,861514,24030562,366,+0.30,15.382354797489803
20110728,28.0,28.0,27.35,27.4,1342992,37002178,556,-0.60,15.052732908972164
20110729,27.3,27.35,26.7,26.7,1596268,43059043,619,-0.70,14.668174039034918
20110801,26.8,27.25,26.8,27.0,877210,23672170,395,+0.30,14.832984983293741
20110802,26.9,26.9,26.6,26.75,659912,17640135,321,-0.25,14.695642529744722
20110803,26.45,26.5,25.35,25.8,2545401,65578276,868,-0.95,14.173741206258464
20110804,26.15,26.2,25.3,25.3,1539630,39522946,630,-0.50,13.899056299160431
20110805,23.55,23.7,23.55,23.55,2310747,54418236,520,-1.75,12.937659124317316
20110808,22.05,22.5,21.95,21.95,6170226,135952665,1054,-1.60,12.058667421603612
20110809,20.45,21.5,20.45,21.1,6226567,128176364,1239,-0.85,11.591703079536956
20110810,21.7,22.55,21.7,22.55,3663273,81472551,1005,+1.45,12.388289310121255
20110811,21.6,22.3,21.1,22.3,1246732,27250519,570,-0.25,12.250946856572233
20110812,23.0,23.2,22.45,22.55,2066615,47129798,682,+0.25,12.388289310121255
20110815,22.8,23.4,22.7,23.2,1543105,35470443,572,+0.65,12.745379689348693
20110816,23.7,23.8,23.4,23.45,2346187,55366513,893,+0.25,12.882722142897707
20110817,23.45,23.75,23.05,23.75,2039849,47745727,800,+0.30,13.047533087156529
20110818,23.85,24.25,23.7,23.75,4433197,106004374,1637, 0.00,13.047533087156529
20110819,22.7,22.95,22.3,22.35,2385549,53846077,692,-1.40,12.278415347282039
20110822,22.35,22.7,21.4,21.55,1139257,25055500,470,-0.80,11.838919495925188
20110823,21.9,23.0,21.75,22.85,1059451,23524227,408,+1.30,12.553100254380071
20110824,22.9,23.15,22.6,22.85,1100380,25140140,426, 0.00,12.553100254380071
20110825,23.0,23.15,22.3,22.3,1166786,26673304,378,-0.55,12.250946856572233
20110826,22.05,22.75,22.05,22.2,853904,18998374,341,-0.10,12.196009875152626
20110829,22.2,22.9,22.2,22.8,653500,14813150,234,+0.60,12.525631763670267
20110830,23.2,23.3,22.9,23.15,916470,21179894,404,+0.35,12.717911198638888
20110831,23.3,24.3,23.25,24.3,3268862,77975489,1199,+1.15,13.349686484964364
20110901,24.5,24.65,24.1,24.65,3539784,86245370,1045,+0.35,13.541965919932988
20110902,24.7,25.2,24.7,24.8,5482555,136889739,2011,+0.15,13.624371392062395
20110905,24.3,24.3,23.9,24.15,1208453,29154309,521,-0.65,13.267281012834957
20110906,23.8,23.95,23.4,23.4,1281969,30341966,519,-0.75,12.855253652187903
20110907,23.6,23.95,23.6,23.8,869084,20669151,302,+0.40,13.07500157786633
20110908,24.4,24.4,23.65,23.75,1123068,26878682,429,-0.05,13.047533087156529
20110909,23.8,23.95,23.6,23.7,805802,19163948,321,-0.05,13.020064596446732
20110913,23.4,23.5,22.9,23.0,938639,21801392,382,-0.70,12.63550572650948
20110914,23.2,23.3,22.5,23.0,1330200,30504248,519, 0.00,12.63550572650948
20110915,23.5,23.6,22.9,22.9,1366432,31745949,454,-0.10,12.580568745089872
20110916,23.1,23.7,23.1,23.6,1617147,37839467,588,+0.70,12.965127615027123
20110919,23.8,24.4,23.7,24.0,2341099,56475876,907,+0.40,13.18487554070554
20110920,24.15,24.2,23.7,24.2,992108,23813323,458,+0.20,13.29474950354476
20110921,24.25,24.3,23.85,24.1,1039094,25106859,425,-0.10,13.239812522125154
20110922,24.0,24.0,23.6,23.7,1373104,32605396,581,-0.40,13.020064596446732
20110923,23.1,23.1,22.1,22.65,1193683,26965117,605,-1.05,12.443226291540858
20110926,22.95,23.15,21.55,21.6,2183529,48787981,837,-1.05,11.866387986634988
20110927,22.0,22.45,21.45,21.5,4500752,98372244,1636,-0.10,11.811451005215384
20110928,18.8,19.0,18.75,18.9,3410165,64368035,1132,X0.00,12.126209628364917
20110929,18.8,19.2,18.6,19.05,1976403,37241243,601,+0.15,12.222449387320196
20110930,19.1,19.25,18.85,19.05,980574,18656881,395, 0.00,12.222449387320196
20111003,18.7,18.8,18.4,18.5,1092803,20294874,420,-0.55,11.869570271150845
20111004,18.3,18.3,17.9,18.2,1453123,26374799,483,-0.30,11.677090753240291
20111005,18.05,18.35,18.05,18.1,835791,15214093,277,-0.10,11.612930913936774
20111006,18.35,18.5,18.25,18.3,623936,11468826,284,+0.20,11.741250592543805
20111007,18.5,18.5,18.25,18.35,619590,11379103,272,+0.05,11.77333051219557
20111011,18.65,18.9,18.55,18.8,1319672,24711314,439,+0.45,12.062049789061401
20111012,18.8,19.4,18.65,19.35,1504195,28675920,633,+0.55,12.41492890523075
20111013,19.5,19.9,19.3,19.65,2275140,44819521,820,+0.30,12.607408423141303
20111014,19.8,20.2,19.6,19.65,1808630,35908308,662, 0.00,12.607408423141303
20111017,19.9,19.95,19.7,19.75,875245,17357711,324,+0.10,12.671568262444818
20111018,19.5,19.6,19.0,19.25,965877,18598275,362,-0.50,12.350769065927235
20111019,19.25,19.4,19.0,19.15,596800,11466109,253,-0.10,12.28660922662371
20111020,19.2,19.2,18.8,19.0,715745,13612405,303,-0.15,12.190369467668434
20111021,19.1,19.1,18.85,18.9,529914,10047568,235,-0.10,12.126209628364917
20111024,19.1,19.8,19.1,19.7,1514285,29603740,574,+0.80,12.639488342793062
20111025,19.9,21.0,19.75,20.75,3522233,72337031,1433,+1.05,13.313166655480002
20111026,20.5,21.4,20.35,21.25,3867233,81623883,1515,+0.50,13.633965851997592
20111027,21.75,22.0,21.5,21.9,3834323,83640568,1454,+0.65,14.05100480747046
20111028,22.0,22.3,20.95,21.15,2800549,60297479,1028,-0.75,13.569806012694073
20111031,21.2,21.4,20.8,20.8,1493928,31406651,455,-0.35,13.345246575131762
20111101,20.55,21.35,20.55,21.3,936332,19810836,462,+0.50,13.666045771649348
20111102,21.0,22.0,20.85,21.95,2700200,58562789,1154,+0.65,14.083084727122216
20111103,22.0,22.5,21.6,21.95,4387800,97057959,1654, 0.00,14.083084727122216
20111104,22.6,23.15,22.6,23.05,4246967,97559686,1409,+1.10,14.788842959460917
20111107,23.05,23.2,22.55,22.75,2009307,45702861,911,-0.30,14.59636344155037
20111108,22.85,23.1,22.55,22.55,1318473,29958314,557,-0.20,14.468043762943324
20111109,22.55,22.75,22.3,22.3,2036506,45831132,837,-0.25,14.307644164684536
20111110,21.8,22.0,21.2,21.35,1666808,35995630,669,-0.95,13.698125691301108
20111111,21.35,21.8,21.2,21.7,1185721,25524762,791,+0.35,13.92268512886342
20111114,21.95,22.5,21.95,22.5,1975914,43976560,1215,+0.80,14.435963843291566
20111115,22.25,22.6,22.25,22.35,996184,22333789,664,-0.15,14.339724084336291
20111116,22.45,22.6,21.9,21.9,1351254,29974576,607,-0.45,14.05100480747046
20111117,21.5,22.35,21.3,22.35,1495158,32726311,811,+0.45,14.339724084336291
20111118,22.0,22.25,21.75,21.75,1348485,29655613,626,-0.60,13.954765048515187
20111121,21.9,22.1,20.25,20.5,2099003,43913491,992,-1.25,13.152767057221205
20111122,20.5,20.75,19.55,19.9,1263378,25393460,583,-0.60,12.767808021400095
20111123,19.9,20.2,18.55,18.6,2270849,43669766,743,-1.30,11.933730110454368
20111124,18.2,19.35,18.2,19.25,1754748,32846528,727,+0.65,12.350769065927235
20111125,19.4,19.6,18.8,18.95,908281,17293546,405,-0.30,12.158289548016674
20111128,19.0,19.7,19.0,19.5,1332127,25882212,480,+0.55,12.511168664186023
20111129,19.85,20.5,19.8,20.05,2927877,58962818,806,+0.55,12.864047780355376
20111130,20.0,20.2,19.05,19.3,802605,15846472,464,-0.75,12.38284898557899
20111201,20.4,20.4,20.0,20.2,1357652,27363282,566,+0.90,12.960287539310652
20111202,20.0,21.4,20.0,20.85,3163190,65342527,1284,+0.65,13.377326494783523
20111205,20.85,20.85,20.4,20.8,897092,18525299,494,-0.05,13.345246575131762
20111206,20.5,20.7,19.5,19.6,1075460,21605149,526,-1.20,12.575328503489548
20111207,19.7,20.15,19.7,19.75,376026,7460848,274,+0.15,12.671568262444818
20111208,19.85,19.85,19.2,19.5,413561,8077232,246,-0.25,12.511168664186023
20111209,19.2,19.8,18.95,19.75,495086,9610508,299,+0.25,12.671568262444818
20111212,20.1,20.2,19.4,19.5,532609,10543082,313,-0.25,12.511168664186023
20111213,19.2,19.5,19.2,19.4,435603,8445415,206,-0.10,12.447008824882507
20111214,19.25,19.75,19.25,19.7,336006,6574857,200,+0.30,12.639488342793062
20111215,19.4,19.7,19.2,19.2,652164,12616277,337,-0.50,12.318689146275474
20111216,19.25,19.4,19.1,19.15,527272,10145762,241,-0.05,12.28660922662371
20111219,19.1,19.1,17.85,17.9,1566434,28666562,695,-1.25,11.484611235329735
20111220,17.9,18.25,17.9,18.05,1351343,24389479,515,+0.15,11.580850994285013
20111221,19.3,19.3,18.95,19.3,1438442,27585410,592,+1.25,12.38284898557899
20111222,19.3,19.45,18.9,19.3,1249197,23919132,500, 0.00,12.38284898557899
20111223,19.6,20.4,19.5,20.25,2354901,47150533,908,+0.95,12.992367458962413
20111226,20.3,20.9,20.1,20.45,2870028,59046400,1100,+0.20,13.120687137569451
20111227,20.65,20.8,20.2,20.25,1528787,31118595,667,-0.20,12.992367458962413
20111228,20.1,20.1,19.7,19.75,1418272,28219208,635,-0.50,12.671568262444818
20111229,19.55,19.7,19.4,19.5,1064826,20813247,513,-0.25,12.511168664186023
20111230,19.65,19.85,19.5,19.5,748693,14686609,368, 0.00,12.511168664186023
20120102,19.6,19.6,18.95,19.0,705834,13476096,344,-0.50,12.190369467668434
20120103,19.15,19.35,19.1,19.35,983094,18924748,371,+0.35,12.41492890523075
20120104,19.5,19.65,19.35,19.4,1152455,22456020,428,+0.05,12.447008824882507
20120105,19.4,19.65,19.35,19.5,1028416,20053804,443,+0.10,12.511168664186023
20120106,19.55,20.0,19.45,19.6,1316209,25930886,649,+0.10,12.575328503489548
20120109,19.6,19.6,19.05,19.2,1162395,22332400,410,-0.40,12.318689146275474
20120110,19.35,19.45,19.3,19.3,879957,17026759,372,+0.10,12.38284898557899
20120111,19.5,19.75,19.4,19.6,1368892,26781331,536,+0.30,12.575328503489548
20120112,19.6,19.7,19.25,19.3,1246412,24246617,399,-0.30,12.38284898557899
20120113,19.4,19.4,18.8,18.8,1708031,32514273,651,-0.50,12.062049789061401
20120116,19.0,19.05,18.65,18.9,1151181,21714795,438,+0.10,12.126209628364917
20120117,19.0,19.7,18.9,19.7,1932960,37471948,723,+0.80,12.639488342793062
20120118,19.7,19.95,19.6,19.8,2214371,43746940,815,+0.10,12.703648182096583
20120130,20.2,20.5,20.1,20.25,1881326,38090124,768,+0.45,12.992367458962413
20120131,20.35,21.6,20.3,21.6,5497148,115642410,1979,+1.35,13.858525289559903
20120201,21.8,22.3,21.8,21.85,7446410,164145667,2435,+0.25,14.018924887818695
20120202,22.2,22.5,21.85,22.15,5323350,118079350,1728,+0.30,14.211404405729255
20120203,22.15,22.95,21.9,22.7,4708796,106293149,1799,+0.55,14.564283521898602
20120204,22.95,23.05,22.3,22.5,3175055,71858501,1155,-0.20,14.435963843291566
20120206,22.5,22.5,21.65,21.75,2705697,59725727,1078,-0.75,13.954765048515187
20120207,21.8,22.25,21.65,22.15,3016679,66200526,1236,+0.40,14.211404405729255
20120208,22.3,22.95,22.3,22.9,5628423,127989142,1778,+0.75,14.692603200505639
20120209,22.8,23.7,22.6,23.65,6973967,161675640,2322,+0.75,15.173801995282032
20120210,23.7,24.15,22.95,23.1,5445931,127366413,1723,-0.55,14.820922879112679
20120213,23.1,23.3,22.85,23.1,2911264,66973572,1059, 0.00,14.820922879112679
20120214,23.2,23.55,22.85,23.1,3156526,73361298,1193, 0.00,14.820922879112679
20120215,23.2,23.8,23.1,23.5,4860683,114201931,1569,+0.40,15.077562236326747
20120216,23.5,25.0,23.5,23.75,13270423,323174393,4078,+0.25,15.237961834585542
20120217,24.4,24.6,23.3,23.6,7699690,183947679,2447,-0.15,15.141722075630268
20120220,23.9,23.9,23.3,23.55,2390596,56352644,952,-0.05,15.109642155978507
20120221,23.55,24.0,23.5,23.95,3178175,75662300,1147,+0.40,15.36628151319258
20120222,23.95,24.25,23.7,23.75,3407937,81514535,1361,-0.20,15.237961834585542
20120223,23.75,23.95,23.15,23.25,3500239,82219718,1285,-0.50,14.917162638067952
20120224,23.1,23.5,22.85,22.95,3266042,75590595,1128,-0.30,14.724683120157398
20120229,23.0,23.15,22.5,22.65,3668255,83587654,1342,-0.30,14.53220360224684
20120301,22.65,23.1,22.65,22.95,1887968,43279953,823,+0.30,14.724683120157398
20120302,23.2,23.3,23.0,23.2,2471630,57196273,950,+0.25,14.88508271841619
20120303,23.2,23.8,23.0,23.7,3437506,80534899,1221,+0.50,15.205881914933785
20120305,23.7,23.9,23.3,23.35,3309796,78097707,1127,-0.35,14.981322477371473
20120306,23.1,23.35,22.05,22.3,4016553,90284019,1456,-1.05,14.307644164684536
20120307,21.7,22.8,21.6,22.55,2851781,63753016,1073,+0.25,14.468043762943324
20120308,22.6,23.0,22.55,22.55,2687339,61112903,907, 0.00,14.468043762943324
20120309,22.75,23.05,22.7,23.0,2265796,51934767,934,+0.45,14.756763039809162
20120312,23.05,23.45,22.75,22.75,2563327,59222867,925,-0.25,14.59636344155037
20120313,22.95,23.1,22.45,22.5,1589286,36080924,683,-0.25,14.435963843291566
20120314,22.9,23.3,22.7,23.0,3125963,71926784,1104,+0.50,14.756763039809162
20120315,23.05,23.05,22.8,22.85,1292673,29611573,449,-0.15,14.660523280853882
20120316,22.8,23.35,22.8,23.0,3638316,84123868,1214,+0.15,14.756763039809162
20120319,23.0,23.2,22.6,22.6,1412355,32116782,617,-0.40,14.500123682595088
20120320,22.65,22.75,22.2,22.3,1604067,35918231,658,-0.30,14.307644164684536
20120321,22.4,22.4,22.05,22.3,817156,18131900,429, 0.00,14.307644164684536
20120322,22.2,22.6,22.1,22.3,2852267,63666167,1008, 0.00,14.307644164684536
20120323,22.3,22.3,22.05,22.1,1177348,26069427,507,-0.20,14.179324486077494
20120326,22.0,22.2,21.8,21.85,1691477,37171414,825,-0.25,14.018924887818695
20120327,21.95,22.05,21.55,21.6,1497725,32528102,769,-0.25,13.858525289559903
20120328,21.6,21.9,21.6,21.65,935082,20297968,484,+0.05,13.890605209211664
20120329,21.6,21.6,20.15,20.15,3516220,72223272,1188,-1.50,12.928207619658894
20120330,20.1,20.2,19.8,20.0,2225964,44633530,1068,-0.15,12.83196786070362
20120402,20.0,20.0,19.45,19.45,2060052,40434948,973,-0.55,12.47908874453427
20120403,19.5,19.65,18.4,18.95,2414453,45938857,1028,-0.50,12.158289548016674
20120405,18.4,18.6,17.8,18.55,2029897,36966023,871,-0.40,11.901650190802604
20120406,18.6,19.15,18.45,19.15,1490696,28196122,589,+0.60,12.28660922662371
20120409,18.4,18.85,18.3,18.75,630597,11776170,336,-0.40,12.02996986940964
20120410,18.9,19.25,18.7,18.85,1103720,20915280,463,+0.10,12.094129708713162
20120411,18.8,19.25,18.6,19.25,1103602,20991781,526,+0.40,12.350769065927235
20120412,19.5,20.15,19.25,19.65,4382067,86678010,1698,+0.40,12.607408423141303
20120413,19.95,20.15,19.7,19.8,2192915,43644019,776,+0.15,12.703648182096583
20120416,19.7,19.7,19.4,19.45,719038,14008533,340,-0.35,12.47908874453427
20120417,19.45,19.7,18.8,18.85,959040,18302801,440,-0.60,12.094129708713162
20120418,19.0,19.15,18.75,18.75,772622,14570309,378,-0.10,12.02996986940964
20120419,18.75,18.8,18.55,18.75,556679,10405141,286, 0.00,12.02996986940964
20120420,18.6,18.75,18.3,18.4,684412,12673418,323,-0.35,11.805410431847326
20120423,18.2,18.4,18.05,18.15,600814,10912820,310,-0.25,11.645010833588529
20120424,18.0,18.25,18.0,18.05,479746,8693210,264,-0.10,11.580850994285013
20120425,18.2,18.4,18.15,18.3,453330,8299735,273,+0.25,11.741250592543805
20120426,18.6,18.6,18.2,18.2,408171,7501801,216,-0.10,11.677090753240291
20120427,18.3,18.4,17.8,17.95,1083346,19485866,402,-0.25,11.516691154981496
20120430,17.9,17.9,17.35,17.55,1228214,21602451,499,-0.40,11.260051797767424
20120502,17.6,18.3,17.5,18.2,1379592,24805269,517,+0.65,11.677090753240291
20120503,18.0,18.1,17.75,17.95,967625,17324060,384,-0.25,11.516691154981496
20120504,17.9,18.15,17.8,18.1,958437,17232154,470,+0.15,11.612930913936774
20120507,18.0,18.0,17.5,17.7,698852,12357728,253,-0.40,11.356291556722699
20120508,17.9,18.0,17.75,17.8,316581,5654071,177,+0.10,11.420451396026222
20120509,17.65,17.75,17.5,17.5,619228,10889287,259,-0.30,11.227971878115664
20120510,17.55,17.7,17.4,17.5,447407,7843289,219, 0.00,11.227971878115664
20120511,17.45,17.5,16.95,17.2,1203341,20609527,433,-0.30,11.035492360205108
20120514,17.2,17.2,16.5,16.85,922922,15458435,331,-0.35,10.810932922642797
20120515,16.5,16.8,16.3,16.8,894334,14786506,340,-0.05,10.778853002991037
20120516,16.6,16.8,16.3,16.65,793225,13102759,321,-0.15,10.68261324403576
20120517,16.65,16.95,16.6,16.9,815012,13663246,378,+0.25,10.843012842294554
20120518,16.45,16.55,16.15,16.2,975901,15896843,335,-0.70,10.393893967169928
20120521,16.2,16.4,16.15,16.15,498788,8122661,212,-0.05,10.361814047518168
20120522,16.3,16.35,16.1,16.15,722155,11701047,315, 0.00,10.361814047518168
20120523,16.15,16.3,16.1,16.1,469319,7571867,207,-0.05,10.329734127866413
20120524,16.1,16.25,15.3,15.75,1109296,17431778,463,-0.35,10.105174690304098
20120525,15.9,15.9,15.4,15.55,662100,10303940,241,-0.20,9.976855011697063
20120528,15.3,15.6,15.2,15.55,511728,7886877,231, 0.00,9.976855011697063
20120529,15.6,16.3,15.6,16.3,822163,13241335,355,+0.75,10.45805380647345
20120530,16.3,16.3,16.0,16.05,373143,5990089,173,-0.25,10.297654208214654
20120531,16.0,16.15,15.65,16.05,300458,4774528,146, 0.00,10.297654208214654
20120601,16.0,16.1,15.65,15.75,379461,6013034,168,-0.30,10.105174690304098
20120604,15.2,15.3,14.65,14.75,2339194,34440393,492,-1.00,9.463576297268915
20120605,15.0,15.1,14.3,14.65,2036821,29951816,566,-0.10,9.399416457965401
20120606,14.7,14.9,14.65,14.8,442965,6563475,229,+0.15,9.495656216920679
20120607,15.1,15.2,14.85,14.85,594051,8936011,294,+0.05,9.527736136572434
20120608,14.8,14.95,14.6,14.7,289210,4257735,140,-0.15,9.43149637761716
20120611,14.85,15.1,14.85,15.05,467305,7006804,245,+0.35,9.656055815179469
20120612,14.8,15.05,14.8,14.95,334000,5002700,192,-0.10,9.591895975875953
20120613,15.1,15.15,14.9,15.0,387951,5829515,217,+0.05,9.623975895527714
20120614,15.0,15.0,14.9,14.9,384496,5745788,187,-0.10,9.559816056224197
20120615,14.9,15.1,14.05,14.05,3411186,49075672,836,-0.85,9.014457422144293
20120618,14.7,15.0,14.6,15.0,1101633,16391895,468,+0.95,9.623975895527714
20120619,15.0,15.8,14.9,15.45,2463227,38026003,1130,+0.45,9.912695172393544
20120620,15.45,15.6,15.3,15.45,1061099,16401924,473, 0.00,9.912695172393544
20120621,15.45,15.75,15.3,15.65,1143903,17855078,569,+0.20,10.04101485100058
20120622,15.4,15.8,15.2,15.6,605789,9389706,268,-0.05,10.00893493134882
20120625,15.5,15.6,15.4,15.45,437548,6773973,218,-0.15,9.912695172393544
20120626,15.4,15.45,14.9,15.0,818736,12398361,375,-0.45,9.623975895527714
20120627,14.95,15.25,14.95,15.0,358195,5406725,180, 0.00,9.623975895527714
20120628,15.2,15.35,15.05,15.05,274670,4157132,151,+0.05,9.656055815179469
20120629,14.8,15.2,14.8,15.1,318509,4804385,174,+0.05,9.688135734831233
20120702,15.2,15.55,15.2,15.45,710200,10922285,314,+0.35,9.912695172393544
20120703,15.5,16.15,15.45,15.95,1587641,25237087,683,+0.50,10.233494368911135
20120704,16.1,16.25,16.0,16.2,936382,15110232,409,+0.25,10.393893967169928
20120705,16.3,16.4,16.1,16.25,824776,13351726,312,+0.05,10.425973886821685
20120706,16.25,16.25,15.8,15.9,575101,9193743,216,-0.35,10.201414449259374
20120709,15.85,16.0,15.7,15.9,278874,4426743,130, 0.00,10.201414449259374
20120710,15.9,16.2,15.7,16.0,426484,6773594,171,+0.10,10.265574288562894
20120711,15.95,16.0,15.75,16.0,340862,5404302,143, 0.00,10.265574288562894
20120712,16.0,16.0,15.7,15.8,386497,6095701,151,-0.20,10.137254609955857
20120713,15.75,15.8,15.5,15.5,302695,4719503,140,-0.30,9.944775092045303
20120716,15.7,15.7,15.45,15.45,391891,6081672,154,-0.05,9.912695172393544
20120717,15.45,15.7,15.4,15.5,444122,6894175,199,+0.05,9.944775092045303
20120718,15.6,15.6,15.4,15.45,224192,3471844,118,-0.05,9.912695172393544
20120719,15.6,15.65,15.5,15.5,245794,3818674,113,+0.05,9.944775092045303
20120720,15.55,15.65,15.4,15.45,383890,5955250,138,-0.05,9.912695172393544
20120723,15.5,15.5,15.15,15.4,405650,6215358,168,-0.05,9.880615252741785
20120724,15.2,15.3,15.05,15.15,434200,6568079,150,-0.25,9.720215654482988
20120725,15.15,15.3,15.0,15.25,147376,2236472,105,+0.10,9.78437549378651
20120726,15.25,15.3,15.0,15.0,351119,5283172,163,-0.25,9.623975895527714
20120727,15.2,15.35,15.15,15.15,351897,5374742,171,+0.15,9.720215654482988
20120730,15.25,15.45,15.25,15.3,270940,4157832,150,+0.15,9.81645541343827
20120731,15.3,15.4,15.2,15.4,440516,6743039,201,+0.10,9.880615252741785
20120801,15.4,15.55,15.3,15.4,261710,4033060,148, 0.00,9.880615252741785
20120803,15.4,15.45,15.25,15.45,371156,5690439,174,+0.05,9.912695172393544
20120806,15.55,15.6,15.25,15.35,376192,5778922,174,-0.10,9.848535333090025
20120807,15.4,15.4,15.0,15.4,662897,10078419,260,+0.05,9.880615252741785
20120808,15.5,15.6,15.35,15.6,399286,6179179,190,+0.20,10.00893493134882
20120809,15.8,16.65,15.8,16.65,2378782,39028403,878,+1.05,10.68261324403576
20120810,16.9,17.65,16.8,17.1,4152223,71068601,1463,+0.45,10.971332520901594
20120813,17.1,17.25,16.85,17.15,1297701,22127382,563,+0.05,11.00341244055335
20120814,17.2,17.2,16.9,17.05,720882,12286147,311,-0.10,10.939252601249834
20120815,17.0,17.35,16.95,17.35,905635,15524761,415,+0.30,11.131732119160388
20120816,17.5,17.5,17.2,17.4,1062636,18447909,502,+0.05,11.163812038812145
20120817,17.4,17.5,17.2,17.3,823753,14284296,306,-0.10,11.099652199508627
20120820,17.0,17.55,16.9,17.45,3150722,54890420,777,+0.15,11.195891958463903
20120821,17.45,17.5,17.15,17.15,1043144,18093156,473,-0.30,11.00341244055335
20120822,17.0,17.2,16.95,16.95,1038398,17690400,407,-0.20,10.875092761946314
20120823,16.65,16.8,16.4,16.55,1713936,28449985,675,-0.40,10.618453404732243
20120824,16.1,16.75,16.1,16.5,1539300,25366414,499,-0.05,10.586373485080484
20120827,16.5,16.65,16.35,16.4,631486,10372966,277,-0.10,10.522213645776965
20120828,16.3,16.6,16.3,16.45,931102,15366970,489,+0.05,10.554293565428722
20120829,16.45,16.6,16.45,16.5,640738,10573951,231,+0.05,10.586373485080484
20120830,16.45,16.6,16.4,16.6,567899,9362030,194,+0.10,10.650533324384005
20120831,16.5,16.8,16.45,16.6,1402494,23419496,458, 0.00,10.650533324384005
20120903,16.7,16.75,16.6,16.75,691703,11511297,296,+0.15,10.746773083339281
20120904,16.8,16.85,16.65,16.7,825898,13821403,423,-0.05,10.71469316368752
20120905,16.7,16.7,16.5,16.6,530285,8795849,226,-0.10,10.650533324384005
20120906,16.6,17.75,16.5,17.5,7631491,133587555,2283,+0.90,11.227971878115664
20120907,17.5,18.3,17.4,17.8,6676094,119925950,2261,+0.30,11.420451396026222
20120910,17.8,17.8,17.4,17.45,2076521,36434779,884,-0.35,11.195891958463903
20120911,17.2,17.75,17.2,17.5,1256623,22060282,499,+0.05,11.227971878115664
20120912,17.65,17.75,17.45,17.45,1059235,18623883,417,-0.05,11.195891958463903
20120913,17.55,17.7,17.45,17.55,1059676,18644250,423,+0.10,11.260051797767424
20120914,17.8,17.85,17.45,17.5,1532220,27055514,666,-0.05,11.227971878115664
20120917,17.6,17.7,17.45,17.45,852451,14921762,370,-0.05,11.195891958463903
20120918,17.45,17.6,17.3,17.4,1582085,27564011,600,-0.05,11.163812038812145
20120919,17.5,17.55,17.35,17.45,1077546,18795092,452,+0.05,11.195891958463903
20120920,17.5,17.65,17.35,17.6,889114,15526238,341,+0.15,11.292131717419183
20120921,17.55,17.55,17.3,17.4,1253962,21836327,507,-0.20,11.163812038812145
20120924,17.4,17.5,17.15,17.25,3330481,57637757,1030,-0.15,11.06757227985687
20120925,15.95,16.2,15.95,15.95,1643777,26407146,613,X0.00,11.061736055868128
20120926,15.7,15.8,15.3,15.5,1629651,25318034,605,-0.45,10.74964945868062
20120927,15.5,15.55,15.3,15.55,714564,11050914,294,+0.05,10.784325747257013
20120928,15.65,15.65,15.25,15.25,601189,9249956,275,-0.30,10.576268015798677
20121001,15.2,15.45,15.15,15.35,275872,4226025,171,+0.10,10.645620592951454
20121002,15.5,15.6,15.4,15.5,566623,8785002,251,+0.15,10.74964945868062
20121003,15.6,15.65,15.55,15.65,473143,7380367,200,+0.15,10.853678324409792
20121004,16.0,16.7,15.95,16.7,6520105,106226534,2616,+1.05,11.58188038451396
20121005,16.9,17.05,16.75,16.9,7142639,120796425,2325,+0.20,11.720585538819515
20121008,16.9,16.9,16.1,16.35,2241328,36716358,764,-0.55,11.339146364479241
20121009,16.4,16.4,15.75,15.75,1184373,18923419,535,-0.60,10.92303090156257
20121011,15.3,15.5,15.3,15.3,1009407,15526531,529,-0.45,10.610944304375067
20121012,15.3,15.45,15.1,15.3,884422,13458203,376, 0.00,10.610944304375067
20121015,15.55,15.6,15.15,15.45,458783,7049215,236,+0.15,10.714973170104233
20121016,15.55,15.6,15.3,15.45,826329,12733491,369, 0.00,10.714973170104233
20121017,15.5,15.6,15.25,15.35,786456,12063448,379,-0.10,10.645620592951454
20121018,15.35,15.55,15.15,15.35,757658,11563211,318, 0.00,10.645620592951454
20121019,15.45,15.55,15.1,15.4,1348061,20762380,414,+0.05,10.680296881527847
20121022,15.3,15.3,15.05,15.1,602573,9117998,272,-0.30,10.472239150069512
20121023,15.3,15.3,14.95,15.15,561150,8450459,229,+0.05,10.506915438645901
20121024,14.5,14.95,14.5,14.8,619130,9165117,262,-0.35,10.264181418611177
20121025,14.6,14.85,14.4,14.45,1052102,15369916,408,-0.35,10.02144739857645
20121026,14.45,14.45,13.45,13.55,2195663,30198364,636,-0.90,9.39727420420145
20121029,13.2,13.65,13.2,13.3,1207798,16127728,428,-0.25,9.223892761319505
20121030,13.5,13.7,13.4,13.5,553055,7485474,289,+0.20,9.362597915625058
20121031,13.55,13.65,13.3,13.4,634654,8534610,234,-0.10,9.293245338472282
20121101,13.3,13.4,12.7,13.1,698081,9133305,313,-0.30,9.085187607013944
20121102,13.2,13.45,13.0,13.0,650979,8588376,289,-0.10,9.015835029861167
20121105,13.0,13.0,12.75,12.95,484868,6252645,194,-0.05,8.981158741284778
20121106,12.95,13.05,12.8,13.05,401513,5188139,195,+0.10,9.050511318437557
20121107,13.0,13.2,12.95,13.2,318609,4167386,196,+0.15,9.154540184166722
20121108,13.0,13.0,12.85,12.9,370229,4792799,177,-0.30,8.94648245270839
20121109,12.7,13.4,12.7,13.4,729166,9615221,468,+0.50,9.293245338472282
20121112,13.5,13.5,13.25,13.35,362123,4839708,275,-0.05,9.258569049895893
20121113,13.35,13.45,13.0,13.3,497325,6556485,284,-0.05,9.223892761319505
20121114,13.2,13.4,13.05,13.4,604568,8026687,287,+0.10,9.293245338472282
20121115,14.25,14.25,13.6,13.7,2447011,33997766,809,+0.30,9.501303069930614
20121116,13.6,13.8,13.4,13.55,493932,6705460,304,-0.15,9.39727420420145
20121119,13.6,13.7,13.15,13.55,532917,7130361,301, 0.00,9.39727420420145
20121120,13.65,13.7,13.1,13.2,703618,9347694,293,-0.35,9.154540184166722
20121121,13.2,13.3,12.8,12.85,560011,7273676,270,-0.35,8.911806164132
20121122,12.95,13.05,12.7,12.75,422815,5423757,234,-0.10,8.842453586979223
20121123,12.8,13.05,12.8,13.05,741364,9606574,359,+0.30,9.050511318437557
20121126,13.2,13.45,13.1,13.45,871461,11585062,387,+0.40,9.32792162704867
20121127,13.5,13.7,13.45,13.45,716168,9704295,346, 0.00,9.32792162704867
20121128,13.5,13.55,13.35,13.4,288041,3869679,215,-0.05,9.293245338472282
20121129,13.5,13.7,13.45,13.45,804132,10890106,458,+0.05,9.32792162704867
20121130,13.5,14.0,13.5,13.55,1047250,14383110,502,+0.10,9.39727420420145
20121203,13.6,14.0,13.6,13.9,1188385,16421118,573,+0.35,9.64000822423617
20121204,13.9,14.4,13.8,14.2,1750640,24720413,737,+0.30,9.848065955694507
20121205,14.3,14.35,13.95,14.25,1000524,14172373,500,+0.05,9.882742244270894
20121206,14.35,14.35,14.0,14.2,899340,12710281,459,-0.05,9.848065955694507
20121207,14.2,14.2,13.8,13.8,1146148,15985367,491,-0.40,9.570655647083393
20121210,13.9,13.95,13.6,13.7,624301,8591278,262,-0.10,9.501303069930614
20121211,13.7,13.75,12.95,13.35,1301885,17204158,570,-0.35,9.258569049895893
20121212,13.4,13.55,13.35,13.4,739469,9952597,485,+0.05,9.293245338472282
20121213,13.4,13.75,13.4,13.75,756331,10334648,379,+0.35,9.535979358507005
20121214,13.75,14.3,13.65,14.1,3900498,55009572,1268,+0.35,9.778713378541724
20121217,14.1,14.1,13.7,13.75,1039060,14385366,498,-0.35,9.535979358507005
20121218,13.75,13.85,13.65,13.8,399568,5495971,283,+0.05,9.570655647083393
20121219,13.85,14.05,13.8,13.9,737830,10260893,317,+0.10,9.64000822423617
20121220,13.9,13.95,13.75,13.75,359456,4971914,197,-0.15,9.535979358507005
20121221,13.8,13.8,13.6,13.65,450052,6149552,187,-0.10,9.466626781354224
20121222,13.7,13.8,13.6,13.65,291303,3987723,130, 0.00,9.466626781354224
20121224,13.7,13.9,13.65,13.7,333461,4584409,147,+0.05,9.501303069930614
20121225,13.7,14.1,13.6,13.95,1133295,15833494,471,+0.25,9.67468451281256
20121226,14.1,14.3,13.9,14.05,1816230,25732411,645,+0.10,9.744037089965339
20121227,14.1,14.6,14.1,14.6,4786452,68916586,1482,+0.55,10.12547626430562
20121228,14.8,15.55,14.5,15.5,10430426,158154272,2821,+0.90,10.74964945868062
20130102,15.75,16.4,15.7,16.4,10058680,160124133,2815,+0.90,11.373822653055628
20130103,16.5,16.65,16.0,16.2,11063255,180142725,3226,-0.20,11.235117498750073
20130104,16.15,16.25,15.85,16.05,4995920,80123106,1532,-0.15,11.131088633020905
20130107,16.0,16.15,15.75,15.85,2812854,44838519,980,-0.20,10.992383478715347
20130108,15.8,16.25,15.75,15.8,7870799,126493219,1917,-0.05,10.957707190138958
20130109,15.75,15.9,15.45,15.6,2757658,43240150,1005,-0.20,10.819002035833401
20130110,15.6,15.95,15.5,15.5,2778632,43606422,1068,-0.10,10.74964945868062
20130111,15.7,15.75,15.35,15.35,1689076,26149394,658,-0.15,10.645620592951454
20130114,15.25,15.8,15.25,15.6,1975271,30779668,787,+0.25,10.819002035833401
20130115,15.75,16.65,15.75,16.65,16254743,266464154,4234,+1.05,11.547204095937575
20130116,16.55,16.85,16.2,16.85,13148533,218424598,3440,+0.20,11.68590925024313
20130117,16.95,17.0,16.1,16.45,8345714,139079205,2103,-0.40,11.408498941632015
20130118,16.7,17.25,16.5,17.25,15514098,260707350,3914,+0.80,11.963319558854245
20130121,17.25,17.55,17.0,17.35,11967047,207295994,3432,+0.10,12.032672136007015
20130122,17.6,17.75,16.9,16.9,14115731,246267515,4558,-0.45,11.720585538819515
20130123,16.9,16.9,16.5,16.5,3966732,65957320,1518,-0.40,11.443175230208405
20130124,16.5,16.85,16.5,16.55,2455690,40896129,991,+0.05,11.477851518784794
20130125,16.65,16.7,16.0,16.05,2601750,42316008,1049,-0.50,11.131088633020905
20130128,16.05,16.3,16.05,16.05,1365307,22023816,570, 0.00,11.131088633020905
20130129,16.3,16.8,16.1,16.8,3049408,50677653,1415,+0.75,11.651232961666741
20130130,16.95,17.0,16.5,16.5,2705034,45301599,1107,-0.30,11.443175230208405
20130131,16.4,16.65,16.4,16.45,1633031,26941846,752,-0.05,11.408498941632015
20130201,16.45,16.85,16.45,16.55,2613798,43643535,1094,+0.10,11.477851518784794
20130204,16.75,16.9,16.5,16.5,1914179,31975985,770,-0.05,11.443175230208405
20130205,16.3,16.65,16.3,16.3,1685512,27751215,761,-0.20,11.304470075902849
20130206,16.5,16.65,16.3,16.4,1531137,25275127,723,+0.10,11.373822653055628
20130218,16.8,16.8,16.35,16.4,1071946,17722405,456, 0.00,11.373822653055628
20130219,16.4,16.65,16.35,16.65,1458595,24081735,560,+0.25,11.547204095937575
20130220,16.65,16.75,16.3,16.35,1582247,26078758,677,-0.30,11.339146364479241
20130221,16.3,16.35,16.05,16.05,1369696,22082259,602,-0.30,11.131088633020905
20130222,15.95,16.0,15.6,15.6,1771434,27870609,810,-0.45,10.819002035833401
20130223,15.8,15.9,15.6,15.65,1068670,16785721,453,+0.05,10.853678324409792
20130225,15.7,16.0,15.7,15.8,964787,15297577,442,+0.15,10.957707190138958
20130226,15.75,15.85,15.6,15.6,784783,12295869,379,-0.20,10.819002035833401
20130227,15.7,15.75,15.55,15.55,819320,12796916,356,-0.05,10.784325747257013
20130301,15.8,16.6,15.6,16.4,3661896,59877475,1559,+0.85,11.373822653055628
20130304,16.45,16.5,16.0,16.0,1406113,22785657,609,-0.40,11.096412344444513
20130305,16.0,16.5,16.0,16.4,2737658,44735914,946,+0.40,11.373822653055628
20130306,16.5,16.55,16.1,16.1,1459722,23847424,568,-0.30,11.165764921597294
20130307,16.2,16.4,16.05,16.05,1097539,17753224,474,-0.05,11.131088633020905
20130308,16.1,16.35,16.0,16.0,1072479,17297674,421,-0.05,11.096412344444513
20130311,16.0,16.35,16.0,16.1,1389443,22492588,491,+0.10,11.165764921597294
20130312,16.2,16.3,16.0,16.2,937859,15150720,371,+0.10,11.235117498750073
20130313,16.2,16.25,15.8,15.8,1563865,24912265,622,-0.40,10.957707190138958
20130314,15.8,15.8,15.65,15.7,572669,9000178,308,-0.10,10.888354612986177
20130315,15.8,16.0,15.6,16.0,1188165,18737115,496,+0.30,11.096412344444513
20130318,15.85,15.85,15.35,15.4,1225751,19010561,525,-0.60,10.680296881527847
20130319,15.5,15.6,15.35,15.4,751060,11588957,340, 0.00,10.680296881527847
20130320,15.4,15.85,15.3,15.75,1407272,21984547,577,+0.35,10.92303090156257
20130321,16.0,16.2,15.75,15.95,3224612,51515422,1237,+0.20,11.061736055868128
20130322,15.8,15.9,15.65,15.7,907424,14300407,400,-0.25,10.888354612986177
20130325,15.75,15.8,15.5,15.55,834136,13026359,353,-0.15,10.784325747257013
20130326,15.5,15.55,15.35,15.4,944832,14581203,450,-0.15,10.680296881527847
20130327,15.4,15.5,15.3,15.3,1210278,18623393,482,-0.10,10.610944304375067
20130328,15.3,15.75,15.3,15.4,1427849,22200866,498,+0.10,10.680296881527847
20130329,15.5,15.5,15.3,15.4,630026,9708635,264, 0.00,10.680296881527847
20130401,15.5,15.5,15.3,15.3,808224,12445447,292,-0.10,10.610944304375067
20130402,15.3,15.4,15.2,15.3,414354,6345006,232, 0.00,10.610944304375067
20130403,15.35,15.45,15.15,15.2,672537,10263728,305,-0.10,10.54159172722229
20130408,14.65,14.8,14.15,14.15,1880454,26803262,695,-1.05,9.813389667118118
20130409,14.0,14.3,13.8,13.9,1288918,18023453,468,-0.25,9.64000822423617
20130410,13.95,14.15,13.95,14.0,435053,6101292,220,+0.10,9.70936080138895
20130411,14.2,14.45,14.15,14.15,905998,12957713,414,+0.15,9.813389667118118
20130412,14.25,14.4,13.95,14.0,575791,8130188,291,-0.15,9.70936080138895
20130415,14.05,14.25,13.8,13.9,595199,8325812,280,-0.10,9.64000822423617
20130416,13.65,14.25,13.65,14.2,1339241,18828193,423,+0.30,9.848065955694507
20130417,14.2,14.2,14.05,14.1,489201,6904364,203,-0.10,9.778713378541724
20130418,14.1,14.2,13.95,13.95,643797,9062012,225,-0.15,9.67468451281256
20130419,14.0,14.6,14.0,14.45,3051903,43902548,873,+0.50,10.02144739857645
20130422,14.35,14.45,14.2,14.2,841747,12040551,341,-0.25,9.848065955694507
20130423,14.2,14.25,14.1,14.15,483148,6840589,219,-0.05,9.813389667118118
20130424,14.2,14.55,14.2,14.3,1384314,19957869,528,+0.15,9.917418532847286
20130425,14.15,14.25,14.1,14.1,564872,7996108,271,-0.20,9.778713378541724
20130426,14.15,14.3,14.1,14.1,1253592,17768738,369, 0.00,9.778713378541724
20130429,14.3,14.3,14.1,14.1,725892,10315526,264, 0.00,9.778713378541724
20130430,14.15,14.3,14.1,14.2,618201,8780946,278,+0.10,9.848065955694507
20130502,14.3,14.3,14.15,14.2,437560,6221365,214, 0.00,9.848065955694507
20130503,14.25,14.45,14.25,14.25,999240,14339195,403,+0.05,9.882742244270894
20130506,14.35,14.45,14.25,14.25,668000,9555697,256, 0.00,9.882742244270894
20130507,14.3,14.3,14.15,14.15,438615,6233913,202,-0.10,9.813389667118118
20130508,14.2,14.35,14.15,14.25,624492,8888053,319,+0.10,9.882742244270894
20130509,14.3,14.45,14.25,14.35,887256,12751398,430,+0.10,9.952094821423671
20130510,14.4,14.5,14.35,14.4,1002219,14456644,437,+0.05,9.986771110000063
20130513,14.4,14.45,14.25,14.25,610442,8743119,257,-0.15,9.882742244270894
20130514,14.3,14.3,14.1,14.15,748775,10629198,265,-0.10,9.813389667118118
20130515,14.25,15.1,14.25,14.8,4678511,69359549,1402,+0.65,10.264181418611177
20130516,14.8,14.8,14.55,14.6,1810580,26560177,755,-0.20,10.12547626430562
20130517,14.6,14.75,14.6,14.65,949814,13910034,351,+0.05,10.16015255288201
20130520,14.65,14.9,14.6,14.8,1426781,21054972,563,+0.15,10.264181418611177
20130521,14.8,15.6,14.8,15.3,7100748,108743551,2202,+0.50,10.610944304375067
20130522,15.3,15.4,15.15,15.3,1826252,27898018,632, 0.00,10.610944304375067
20130523,15.1,15.35,14.6,14.95,8784939,132565379,1834,-0.35,10.368210284340345
20130524,14.95,15.15,14.75,14.8,4156393,62379191,966,-0.15,10.264181418611177
20130527,14.8,15.3,14.8,15.15,3764904,57066239,1176,+0.35,10.506915438645901
20130528,15.15,15.2,14.85,14.9,1841515,27602165,596,-0.25,10.333533995763954
20130529,14.95,15.4,14.95,15.2,3931292,60022001,1271,+0.30,10.54159172722229
20130530,15.15,15.35,15.05,15.2,2337779,35592660,673, 0.00,10.54159172722229
20130531,15.25,15.45,15.15,15.2,2565095,39170877,715, 0.00,10.54159172722229
20130603,15.15,15.5,15.1,15.4,2930969,44997963,914,+0.20,10.680296881527847
20130604,15.5,15.9,15.45,15.55,5818978,91215652,1690,+0.15,10.784325747257013
20130605,15.6,15.65,15.1,15.1,2517847,38644480,849,-0.45,10.472239150069512
20130606,14.95,15.1,14.75,14.85,2103762,31331910,699,-0.25,10.298857707187564
20130607,14.9,15.05,14.35,14.45,1816857,26580122,642,-0.40,10.02144739857645
20130610,14.6,14.75,14.5,14.6,660460,9642416,268,+0.15,10.12547626430562
20130611,14.65,14.65,14.4,14.4,1066173,15426179,373,-0.20,9.986771110000063
20130613,14.4,14.4,14.1,14.1,871256,12391907,357,-0.30,9.778713378541724
20130614,14.3,14.3,13.75,13.9,1214046,16994334,417,-0.20,9.64000822423617
20130617,13.9,14.15,13.9,14.1,369410,5195529,179,+0.20,9.778713378541724
20130618,14.15,14.2,14.0,14.15,605960,8540883,225,+0.05,9.813389667118118
20130619,14.3,14.3,14.05,14.05,706743,9987202,265,-0.10,9.744037089965339
20130620,13.95,14.25,13.9,14.2,1108357,15607129,401,+0.15,9.848065955694507
20130621,13.8,14.1,13.65,14.1,1752601,24252714,504,-0.10,9.778713378541724
20130624,14.0,14.2,13.95,14.1,474698,6688589,174, 0.00,9.778713378541724
20130625,14.1,14.1,13.7,13.8,1048884,14526503,340,-0.30,9.570655647083393
20130626,14.0,14.1,13.9,14.0,720942,10087488,256,+0.20,9.70936080138895
20130627,14.2,14.3,14.0,14.3,805950,11399033,253,+0.30,9.917418532847286
20130628,14.3,14.65,14.2,14.4,1386497,20056801,467,+0.10,9.986771110000063
20130701,14.6,15.0,14.6,14.85,2312144,34420331,862,+0.45,10.298857707187564
20130702,14.85,14.95,14.65,14.7,1000684,14860082,344,-0.15,10.194828841458397
20130703,14.7,15.15,14.7,14.85,2146245,32207871,669,+0.15,10.298857707187564
20130704,14.9,15.0,14.5,14.6,917397,13504869,338,-0.25,10.12547626430562
20130705,14.65,14.85,14.6,14.65,765837,11272223,326,+0.05,10.16015255288201
20130708,14.7,14.9,14.6,14.6,471433,6941127,207,-0.05,10.12547626430562
20130709,14.6,14.7,14.45,14.55,894623,13029231,358,-0.05,10.090799975729231
20130710,14.6,14.7,14.45,14.5,468128,6823439,212,-0.05,10.056123687152839
20130711,14.6,14.7,14.55,14.55,746760,10914763,263,+0.05,10.090799975729231
20130712,14.55,14.7,14.55,14.6,594000,8682400,188,+0.05,10.12547626430562
20130715,14.7,14.9,14.65,14.85,723520,10749662,321,+0.25,10.298857707187564
20130716,14.85,14.95,14.8,14.8,790152,11732587,347,-0.05,10.264181418611177
20130717,14.8,15.0,14.8,14.85,1166571,17396043,532,+0.05,10.298857707187564
20130718,14.9,14.9,14.65,14.65,857984,12663259,403,-0.20,10.16015255288201
20130719,14.7,14.7,14.35,14.35,1053554,15233801,369,-0.30,9.952094821423671
20130722,14.35,14.5,14.35,14.35,544399,7839501,201, 0.00,9.952094821423671
20130723,14.4,15.2,14.4,14.95,2586476,38563785,791,+0.60,10.368210284340345
20130724,15.0,15.5,14.95,15.3,5508007,83910597,1532,+0.35,10.610944304375067
20130725,15.35,15.5,15.2,15.3,2208830,33933200,627, 0.00,10.610944304375067
20130726,15.45,15.65,15.25,15.3,1995313,30808593,745, 0.00,10.610944304375067
20130729,15.3,15.5,15.15,15.25,1503342,23069559,510,-0.05,10.576268015798677
20130730,15.25,15.55,15.25,15.4,2387605,36749303,663,+0.15,10.680296881527847
20130731,15.4,15.45,15.1,15.1,1486928,22671201,442,-0.30,10.472239150069512
20130801,15.2,15.4,15.1,15.15,672385,10250509,289,+0.05,10.506915438645901
20130802,15.2,15.4,15.1,15.1,759729,11548465,314,-0.05,10.472239150069512
20130805,15.05,15.25,15.05,15.15,673081,10175209,265,+0.05,10.506915438645901
20130806,15.15,15.2,15.05,15.05,558245,8437025,196,-0.10,10.437562861493122
20130807,15.6,15.6,15.05,15.1,1109723,16928178,366,+0.05,10.472239150069512
20130808,15.4,15.4,15.05,15.05,605373,9175495,223,-0.05,10.437562861493122
20130809,15.1,15.2,15.05,15.1,603256,9117006,231,+0.05,10.472239150069512
20130812,15.3,15.45,15.15,15.15,893859,13667512,344,+0.05,10.506915438645901
20130813,15.3,15.4,15.2,15.3,1126710,17260771,314,+0.15,10.610944304375067
20130814,15.3,16.15,15.3,16.0,6741521,107229240,2068,+0.70,11.096412344444513
20130815,16.0,16.35,15.9,16.0,4262263,68910985,1394, 0.00,11.096412344444513
20130816,15.9,16.45,15.9,16.05,3705478,60127048,1086,+0.05,11.131088633020905
20130819,16.05,16.35,16.0,16.05,2508644,40523404,795, 0.00,11.131088633020905
20130820,16.05,17.1,15.9,16.6,10437802,174524875,3403,+0.55,11.512527807361181
20130822,16.55,16.9,16.4,16.7,3517760,58717477,1225,+0.10,11.58188038451396
20130823,16.85,16.9,16.35,16.8,4861793,80763830,1222,+0.10,11.651232961666741
20130826,16.9,16.9,16.65,16.7,3173883,53257449,884,-0.10,11.58188038451396
20130827,16.7,16.9,16.25,16.4,3990266,66169878,963,-0.30,11.373822653055628
20130828,16.1,16.4,16.0,16.3,2222706,35976181,611,-0.10,11.304470075902849
20130829,16.3,16.75,16.3,16.75,2644547,43836646,743,+0.45,11.616556673090347
20130830,16.9,17.45,16.9,17.15,9185399,157954777,2474,+0.40,11.893966981701466
20130902,17.2,17.3,17.0,17.15,3244245,55550765,989, 0.00,11.893966981701466
20130903,17.25,17.35,17.05,17.1,2342025,40228125,756,-0.05,11.859290693125072
20130904,17.1,17.15,16.3,16.5,3442301,57609645,1035,-0.60,11.443175230208405
20130905,16.55,16.9,16.5,16.7,3076088,51237147,849,+0.20,11.58188038451396
20130906,16.7,16.85,16.55,16.7,1864050,31075471,590, 0.00,11.58188038451396
20130909,16.85,16.85,16.45,16.45,1545016,25578504,482,-0.25,11.408498941632015
20130910,16.45,16.8,16.4,16.4,1340961,22144806,422,-0.05,11.373822653055628
20130911,16.4,16.6,16.15,16.35,1297526,21204595,406,-0.05,11.339146364479241
20130912,16.25,16.4,16.2,16.4,1258344,20544798,702,+0.05,11.373822653055628
20130913,16.15,16.4,16.0,16.05,1639184,26382794,594,-0.35,11.131088633020905
20130914,16.1,16.1,15.85,16.0,1187260,18935560,441,-0.05,11.096412344444513
20130916,16.1,16.5,16.1,16.45,1659089,27116398,634,+0.45,11.408498941632015
20130917,16.4,16.5,16.25,16.35,578656,9476753,266,-0.10,11.339146364479241
20130918,16.35,16.6,16.3,16.55,1284524,21177163,482,+0.20,11.477851518784794
20130923,16.65,16.8,16.4,16.6,1949652,32320304,560,+0.05,11.512527807361181
20130924,16.45,16.7,16.45,16.5,1419570,23479121,460,X0.00,11.582726147649971
20130925,16.6,16.6,16.4,16.55,655670,10801564,273,+0.05,11.617825317794365
20130926,16.6,16.8,16.2,16.7,3119170,51825213,944,+0.15,11.723122828227542
20130927,16.7,16.8,16.45,16.45,1276076,21129792,437,-0.25,11.547626977505578
20130930,16.35,16.55,16.15,16.25,1020508,16646799,376,-0.20,11.407230296928
20131001,16.2,16.35,16.1,16.15,1160811,18820159,378,-0.10,11.337031956639214
20131002,16.15,16.25,16.05,16.1,799384,12885606,292,-0.05,11.301932786494822
20131003,16.15,16.35,16.1,16.15,1205021,19557577,328,+0.05,11.337031956639214
20131004,16.15,16.45,16.1,16.45,1063701,17325000,290,+0.30,11.547626977505578
20131007,16.45,16.55,16.3,16.4,969883,15883786,332,-0.05,11.512527807361181
20131008,16.4,16.7,16.15,16.5,3649429,60417248,909,+0.10,11.582726147649971
20131009,16.5,16.55,16.2,16.25,2583513,40737226,367,-0.25,11.407230296928
20131011,16.3,16.45,16.05,16.05,960975,15546650,354,-0.20,11.266833616350425
20131014,16.3,16.3,15.45,15.5,2854403,44676396,797,-0.55,10.880742744762095
20131015,15.5,15.75,15.5,15.6,936313,14643911,324,+0.10,10.950941085050884
20131016,15.6,15.95,15.55,15.85,906640,14308775,370,+0.25,11.126436935772851
20131017,15.9,16.0,15.8,15.95,489233,7767882,208,+0.10,11.196635276061636
20131018,15.95,16.1,15.85,16.1,599255,9556230,238,+0.15,11.301932786494822
20131021,16.15,16.35,16.15,16.3,998609,16277544,317,+0.20,11.442329467072398
20131022,16.15,16.4,16.1,16.1,809440,13146451,344,-0.20,11.301932786494822
20131023,16.2,16.2,15.85,16.15,1120007,17925905,333,+0.05,11.337031956639214
20131024,16.05,16.2,16.0,16.15,400516,6463173,175, 0.00,11.337031956639214
20131025,16.1,16.25,15.75,15.75,958126,15331969,310,-0.40,11.05623859548406
20131028,15.8,15.9,15.75,15.8,742880,11741403,273,+0.05,11.091337765628458
20131029,15.8,16.15,15.8,15.85,926810,14836188,331,+0.05,11.126436935772851
20131030,15.9,16.0,15.85,15.95,544857,8672968,231,+0.10,11.196635276061636
20131031,16.05,17.05,15.9,17.05,13028885,219642933,2338,+1.10,11.968817019238303
20131101,17.25,17.5,16.8,16.8,22948203,395096482,5423,-0.25,11.793321168516336
20131104,16.8,16.8,16.4,16.5,3390028,56244454,1233,-0.30,11.582726147649971
20131105,16.55,17.2,16.5,16.75,4034704,68368761,1329,+0.25,11.75822199837194
20131106,16.8,17.45,16.5,17.45,5918153,101390186,1410,+0.70,12.249610380393454
20131107,17.45,17.9,17.3,17.7,15121584,267340455,4038,+0.25,12.425106231115425
20131108,17.7,17.8,17.4,17.4,6278681,110393243,1617,-0.30,12.214511210249055
20131111,17.6,17.9,17.3,17.5,8019690,141721145,1938,+0.10,12.284709550537844
20131112,17.45,17.45,16.4,16.55,5698470,96188718,1714,-0.95,11.617825317794365
20131113,16.75,16.85,16.4,16.5,1581940,26254542,603,-0.05,11.582726147649971
20131114,16.55,16.65,16.15,16.6,1714248,28144346,652,+0.10,11.652924487938758
20131115,16.7,16.7,16.4,16.45,1224874,20210327,437,-0.15,11.547626977505578
20131118,16.4,16.7,16.25,16.3,1251634,20565911,419,-0.15,11.442329467072398
20131119,16.35,16.6,16.3,16.5,1104643,18176356,409,+0.20,11.582726147649971
20131120,16.5,16.75,16.45,16.5,766227,12732427,380, 0.00,11.582726147649971
20131121,16.5,16.95,16.5,16.7,2030515,33952970,765,+0.20,11.723122828227542
20131122,16.7,16.95,16.65,16.75,1382689,23252202,565,+0.05,11.75822199837194
20131125,17.0,17.25,16.8,17.05,3101461,52896110,1094,+0.30,11.968817019238303
20131126,17.15,17.4,17.1,17.2,2603093,44930683,854,+0.15,12.074114529671483
20131127,17.35,17.5,16.95,17.45,5424845,93866999,1422,+0.25,12.249610380393454
20131128,17.5,17.95,17.4,17.8,14639125,259773042,3820,+0.35,12.49530457140421
20131129,17.8,18.0,17.6,17.9,4564263,81155919,1411,+0.10,12.565502911692997
20131202,17.95,18.05,17.5,17.6,8398001,149345461,1987,-0.30,12.354907890826638
20131203,17.6,18.1,17.6,18.0,11664494,208798492,3198,+0.40,12.635701251981786
20131204,17.9,19.0,17.8,18.4,11527648,212991633,3532,+0.40,12.916494613136935
20131205,18.65,19.35,18.55,19.2,12194899,232174427,4070,+0.80,13.47808133544724
20131206,19.5,19.5,18.9,19.0,9494449,182086822,3212,-0.20,13.33768465486966
20131209,19.35,19.7,18.9,18.95,5726689,110416966,1913,-0.05,13.30258548472527
20131210,19.0,19.2,18.45,18.8,5409849,101569712,1741,-0.15,13.19728797429209
20131211,18.9,19.35,18.75,18.8,2632424,49893094,1049, 0.00,13.19728797429209
20131212,18.8,19.35,18.7,19.0,3953382,75618723,1573,+0.20,13.33768465486966
20131213,19.0,20.0,18.85,20.0,8005729,156204082,2620,+1.00,14.039668057757538
20131216,20.05,20.45,19.85,20.1,12103627,244434540,3649,+0.10,14.109866398046329
20131217,20.1,20.2,19.45,19.5,6412664,126549066,2027,-0.60,13.6886763563136
20131218,19.6,20.0,19.45,19.5,2544578,50107336,1072, 0.00,13.6886763563136
20131219,19.75,19.8,19.0,19.15,4422935,85935948,1469,-0.35,13.44298216530284
20131220,19.05,19.6,19.05,19.1,4570421,88359063,1825,-0.05,13.407882995158454
20131223,19.4,19.6,19.2,19.2,2482169,48055066,990,+0.10,13.47808133544724
20131224,19.4,19.6,19.05,19.1,3082766,59252354,1212,-0.10,13.407882995158454
20131225,19.15,19.5,19.1,19.2,2332073,44932036,1003,+0.10,13.47808133544724
20131226,19.35,19.35,19.05,19.05,2413807,46163010,944,-0.15,13.37278382501406
20131227,19.05,19.4,19.05,19.05,2191244,41965336,873, 0.00,13.37278382501406
20131230,19.15,19.8,19.15,19.6,5132663,100678792,1948,+0.55,13.758874696602389
20131231,19.8,20.8,19.5,20.3,16219939,330215592,4905,+0.70,14.2502630786239
20140102,20.3,20.75,20.05,20.5,7485902,153211485,3058,+0.20,14.390659759201478
20140103,20.4,21.85,20.35,21.85,15224065,324617128,4586,+1.35,15.33833735310011
20140106,21.95,22.1,20.75,20.9,12548097,268985011,4073,-0.95,14.671453120356624
20140107,20.9,21.4,20.9,21.1,5225015,110485965,1832,+0.20,14.811849800934208
20140108,21.4,22.1,21.2,21.6,7740761,167467521,2717,+0.50,15.162841502378143
20140109,21.95,22.5,21.6,21.6,8832768,194761255,2957, 0.00,15.162841502378143
20140110,21.65,21.9,21.1,21.15,4678760,100004586,1558,-0.45,14.846948971078596
20140113,21.5,21.5,20.85,20.9,2900026,61192731,1153,-0.25,14.671453120356624
20140114,20.9,21.25,20.8,20.9,1980753,41544640,772, 0.00,14.671453120356624
20140115,21.2,21.7,20.95,21.4,3869716,82806718,1524,+0.50,15.022444821800566
20140116,21.8,21.85,20.95,20.95,3440617,73396200,1312,-0.45,14.706552290501024
20140117,20.9,21.15,20.3,20.55,4625735,95313673,1411,-0.40,14.425758929345866
20140120,20.75,20.75,20.2,20.25,3914111,79585887,1362,-0.30,14.215163908479504
20140121,20.25,20.8,20.25,20.55,2714169,55880849,1115,+0.30,14.425758929345866
20140122,20.7,21.0,20.45,20.85,2431539,50536156,961,+0.30,14.636353950212236
20140123,20.85,21.3,20.8,20.9,3128521,65816451,1163,+0.05,14.671453120356624
20140124,21.0,21.0,20.55,20.55,1305537,27002976,504,-0.35,14.425758929345866
20140127,20.2,20.25,19.65,19.7,3693564,73383003,1160,-0.85,13.82907303689118
20140205,18.4,19.5,18.4,19.3,2386867,45570232,896,-0.40,13.548279675736023
20140206,19.3,19.7,19.3,19.5,2455538,47962911,822,+0.20,13.6886763563136
20140207,19.85,20.05,19.7,19.85,1770635,35331636,728,+0.35,13.93437054732436
20140210,20.1,20.2,19.65,19.65,1374273,27364255,602,-0.20,13.79397386674678
20140211,19.6,19.85,19.55,19.8,1196820,23604982,455,+0.15,13.899271377179968
20140212,20.0,20.05,19.7,19.7,1189846,23556823,501,-0.10,13.82907303689118
20140213,19.7,19.7,19.35,19.35,1749298,34079729,624,-0.35,13.583378845880418
20140214,19.5,19.9,19.35,19.45,1995560,39076858,809,+0.10,13.653577186169207
20140217,19.45,20.1,19.35,19.75,4075264,81080492,1344,+0.30,13.864172207035573
20140218,19.7,19.95,19.7,19.75,1670046,33125796,630, 0.00,13.864172207035573
20140219,19.95,20.0,19.6,19.85,1365456,26964800,621,+0.10,13.93437054732436
20140220,19.7,20.2,19.7,19.95,2999097,59997066,1030,+0.10,14.004568887613146
20140221,20.2,20.5,19.9,20.45,3803000,77030388,1417,+0.50,14.355560589057086
20140224,20.55,20.65,20.25,20.25,2689943,54775644,1014,-0.20,14.215163908479504
20140225,20.25,20.85,20.25,20.7,4545540,93863357,1606,+0.45,14.53105643977905
20140226,20.7,21.1,20.6,20.6,3249167,67674515,1206,-0.10,14.460858099490267
20140227,21.15,21.3,20.85,20.9,3961045,83412527,1466,+0.30,14.671453120356624
20140303,20.9,20.9,20.5,20.75,2171729,44881546,911,-0.15,14.566155609923449
20140304,20.65,21.2,20.5,20.9,3805108,79831441,1315,+0.15,14.671453120356624
20140305,21.2,22.35,21.1,22.0,12707784,278793197,3883,+1.10,15.443634863533294
20140306,22.4,23.5,22.4,23.5,18646465,434042382,4976,+1.50,16.496609967865112
20140307,24.1,24.6,22.75,23.15,19714057,470364473,6240,-0.35,16.250915776854352
20140310,23.25,23.7,22.75,23.35,4726462,109262728,1790,+0.20,16.391312457431926
20140311,23.6,23.8,23.05,23.3,5644383,132402468,1955,-0.05,16.356213287287535
20140312,23.35,23.8,22.9,23.6,4951172,115706561,2044,+0.30,16.566808308153902
20140313,23.8,23.8,23.15,23.5,4998109,116823082,1717,-0.10,16.496609967865112
20140314,23.4,24.3,23.2,23.6,8054650,192051689,2520,+0.10,16.566808308153902
20140317,23.9,24.15,23.55,23.7,4252559,101208630,1357,+0.10,16.637006648442682
20140318,24.0,24.2,23.25,23.4,3795318,89485195,1340,-0.30,16.426411627576314
20140319,23.4,23.9,22.7,22.75,5297562,122719197,1913,-0.65,15.970122415699198
20140320,22.2,22.45,21.95,22.1,5218699,115651338,1812,-0.65,15.513833203822086
20140321,22.5,22.5,21.7,21.7,4550932,100005915,1509,-0.40,15.233039842666926
20140324,21.5,21.9,20.25,21.8,5196884,110419226,1785,+0.10,15.303238182955718
20140325,22.0,22.7,21.85,22.5,3420672,76462164,1302,+0.70,15.794626564977234
20140326,23.0,23.35,22.85,23.0,6095835,140878855,2227,+0.50,16.145618266421174
20140327,23.1,23.15,22.55,22.7,2539270,57848347,1022,-0.30,15.935023245554804
20140328,22.9,22.9,22.15,22.15,2210386,49533703,793,-0.55,15.548932373966474
20140331,22.25,22.4,22.0,22.1,1967611,43544699,742,-0.05,15.513833203822086
20140401,22.1,22.55,22.05,22.3,1520881,33938002,641,+0.20,15.654229884399658
20140402,22.95,23.0,22.5,22.55,2123669,48232904,811,+0.25,15.829725735121631
20140403,22.55,22.65,22.2,22.55,1740794,38962981,666, 0.00,15.829725735121631
20140407,22.2,22.3,21.75,21.9,2543872,55873305,933,-0.65,15.373436523244502
20140408,21.9,22.2,21.6,22.1,1249253,27364566,604,+0.20,15.513833203822086
20140409,22.5,22.55,22.1,22.35,2706766,60404436,1036,+0.25,15.689329054544054
20140410,22.5,22.5,21.8,21.85,3427189,75567855,1104,-0.50,15.33833735310011
20140411,21.7,21.8,21.15,21.2,2871518,61395797,1104,-0.65,14.88204814122299
20140414,21.25,21.4,20.15,20.3,4064572,83532904,1447,-0.90,14.2502630786239
20140415,20.6,20.6,20.1,20.2,3607719,73271231,1244,-0.10,14.180064738335114
20140416,20.2,21.2,20.2,21.0,3546305,73960117,1443,+0.80,14.741651460645418
20140417,21.0,21.6,21.0,21.55,4153720,88784587,1385,+0.55,15.127742332233753
20140418,21.55,21.6,20.9,21.0,2998099,63403260,969,-0.55,14.741651460645418
20140421,21.1,21.2,20.35,20.7,2575700,53149214,983,-0.30,14.53105643977905
20140422,20.8,21.35,20.7,21.25,2277084,48037926,946,+0.55,14.917147311367387
20140423,21.3,21.4,21.0,21.05,1838930,38966225,761,-0.20,14.77675063078981
20140424,21.25,21.25,20.6,20.7,1914988,39876244,681,-0.35,14.53105643977905
20140425,20.7,20.7,19.6,19.75,3170204,63294156,1073,-0.95,13.864172207035573
20140428,18.85,19.55,18.85,19.45,3020275,58422960,1026,-0.30,13.653577186169207
20140429,19.6,20.3,19.6,20.0,1920658,38353360,687,+0.55,14.039668057757538
20140430,20.0,20.05,19.25,19.25,2987241,58117336,1016,-0.75,13.513180505591633
20140502,19.4,19.9,19.4,19.9,1467153,28913983,634,+0.65,13.96946971746875
20140505,20.2,20.5,19.9,20.45,1806104,36585875,670,+0.55,14.355560589057086
20140506,20.7,21.15,20.6,21.0,3225667,67401834,1221,+0.55,14.741651460645418
20140507,20.7,21.05,20.7,21.0,1432885,29982819,572, 0.00,14.741651460645418
20140508,21.2,21.3,20.8,21.3,3512448,74134489,914,+0.30,14.952246481511786
20140509,21.5,21.65,21.35,21.5,7668604,165260417,2237,+0.20,15.092643162089356
20140512,21.5,21.55,20.95,21.1,1853936,39250606,855,-0.40,14.811849800934208
20140513,21.2,21.35,20.7,20.8,1474936,30851766,657,-0.30,14.601254780067846
20140514,20.8,20.8,20.25,20.4,1582456,32294250,566,-0.40,14.320461418912688
20140515,19.95,20.5,19.95,20.5,1753891,35428022,711,+0.10,14.390659759201478
20140516,20.5,20.65,20.3,20.35,936865,19206049,410,-0.15,14.2853622487683
20140519,20.4,20.6,20.0,20.0,2304036,46458970,912,-0.35,14.039668057757538
20140520,20.35,20.35,19.85,20.1,3122791,62505420,993,+0.10,14.109866398046329
20140521,20.3,21.1,20.3,20.9,3870143,80557866,1630,+0.80,14.671453120356624
20140522,21.0,21.6,20.65,21.15,8058006,170007320,2239,+0.25,14.846948971078596
20140523,21.35,22.6,21.2,22.6,15670343,350152865,4049,+1.45,15.86482490526602
20140526,22.85,24.15,22.85,24.15,22091682,523420113,6457,+1.55,16.95289917974223
20140527,24.2,24.8,23.75,24.1,14347767,347055842,4655,-0.05,16.91780000959784
20140528,24.3,24.8,23.9,24.4,9439678,229630566,3055,+0.30,17.128395030464194
20140529,24.65,24.7,24.1,24.2,5832287,141644836,1783,-0.20,16.987998349886617
20140530,24.5,25.4,24.15,25.3,13876626,343524149,4274,+1.10,17.76018009306329
20140603,25.6,26.1,25.1,25.2,12238357,313306773,3858,-0.10,17.689981752774496
20140604,25.2,25.8,25.1,25.25,5379345,136621840,2036,+0.05,17.725080922918895
20140605,25.3,25.5,24.0,24.0,14776143,358363932,4089,-1.25,16.84760166930905
20140606,24.0,24.25,23.2,24.2,10789129,255195990,3658,+0.20,16.987998349886617
20140609,24.5,24.55,24.1,24.1,4508428,109539243,1476,-0.10,16.91780000959784
20140610,24.1,24.55,23.6,23.9,3407295,81928163,1323,-0.20,16.77740332902026
20140611,24.0,24.3,23.95,24.0,2811425,67649426,1127,+0.10,16.84760166930905
20140612,24.0,24.1,22.95,23.3,7804969,182414573,2457,-0.70,16.356213287287535
20140613,23.3,23.7,23.05,23.35,5913269,138196616,2174,+0.05,16.391312457431926
20140616,23.4,23.7,22.95,23.3,5511793,128975142,1730,-0.05,16.356213287287535
20140617,23.35,23.85,23.25,23.55,5265832,124332595,1824,+0.25,16.5317091380095
20140618,23.7,24.5,23.6,24.25,10578239,255487915,4090,+0.70,17.02309752003102
20140619,24.25,24.35,23.9,24.05,4104456,98771462,1846,-0.20,16.882700839453438
20140620,24.05,24.15,23.0,23.15,7446215,174131219,2834,-0.90,16.250915776854352
20140623,23.2,23.3,22.1,22.3,6278128,141620686,2376,-0.85,15.654229884399658
20140624,22.35,22.85,22.3,22.7,2396315,54360191,1131,+0.40,15.935023245554804
20140625,22.7,22.7,22.25,22.55,2283173,51096876,975,-0.15,15.829725735121631
20140626,22.55,23.4,22.5,23.25,5360077,123649035,2083,+0.70,16.32111411714314
20140627,23.4,23.4,22.8,22.85,2496193,57420254,929,-0.40,16.04032075598799
20140630,23.0,23.0,22.4,22.8,2730739,62087468,1038,-0.05,16.005221585843596
20140701,22.95,23.75,22.9,23.75,7375805,172926321,2426,+0.95,16.672105818587085
20140702,24.0,24.4,23.4,23.4,12473175,298531000,3635,-0.35,16.426411627576314
20140703,23.4,24.4,23.4,24.05,9184839,221309586,3469,+0.65,16.882700839453438
20140704,24.2,24.6,23.8,24.3,8313747,202064004,2542,+0.25,17.058196690175414
20140707,24.3,24.7,24.0,24.35,7638936,186697491,2843,+0.05,17.093295860319802
20140708,24.4,24.4,24.0,24.05,2805459,67737066,1051,-0.30,16.882700839453438
20140709,24.0,24.5,23.55,24.05,6264442,150940676,2363, 0.00,16.882700839453438
20140710,24.1,24.5,23.95,23.95,3202563,77548579,1285,-0.10,16.81250249916465
20140711,24.05,24.1,22.8,23.1,7079766,165218942,2206,-0.85,16.215816606709954
20140714,23.3,23.95,23.15,23.6,2814429,66513678,1246,+0.50,16.566808308153902
20140715,23.8,24.25,23.7,23.85,2878780,68980520,1145,+0.25,16.74230415887587
20140716,24.0,24.0,23.25,23.35,2513168,59045314,1097,-0.50,16.391312457431926
20140717,23.4,23.65,23.25,23.35,2249045,52547143,740, 0.00,16.391312457431926
20140718,23.1,23.75,23.1,23.4,2142139,50369274,794,+0.05,16.426411627576314
20140721,23.6,24.1,23.6,23.85,3496213,83629607,1271,+0.45,16.74230415887587
20140722,23.85,24.0,23.6,23.85,1149689,27383272,505, 0.00,16.74230415887587
20140724,24.0,25.5,23.85,25.5,19553142,488066530,6000,+1.65,17.900576773640868
20140725,25.8,26.65,25.4,25.8,19317661,503613866,7232,+0.30,18.11117179450723
20140728,25.9,25.9,24.15,24.3,7993396,199177459,2822,-1.50,17.058196690175414
20140729,24.6,24.8,23.65,24.0,5549776,134218124,2031,-0.30,16.84760166930905
20140730,24.1,24.25,23.75,24.15,2652891,63463972,1086,+0.15,16.95289917974223
20140731,24.2,24.3,23.65,24.05,2357476,56601974,936,-0.10,16.882700839453438
20140801,23.5,24.05,23.5,24.05,1578728,37703556,622, 0.00,16.882700839453438
20140804,24.1,24.9,24.05,24.7,3701768,91199213,1485,+0.65,17.338990051330565
20140805,24.7,25.1,24.25,24.3,2902652,71442140,1278,-0.40,17.058196690175414
20140806,24.4,24.55,22.9,23.95,4114678,97842922,1368,-0.35,16.81250249916465
20140807,24.5,24.6,23.95,24.3,3468047,84051985,1306,+0.35,17.058196690175414
20140808,24.45,24.45,23.35,23.9,3811667,91087936,1458,-0.40,16.77740332902026
20140811,24.0,24.85,24.0,24.6,6441098,158057002,2363,+0.70,17.26879171104178
20140812,24.65,24.65,23.9,23.9,3224692,77848731,1248,-0.70,16.77740332902026
20140813,24.2,24.35,23.8,24.0,2606087,62717231,991,+0.10,16.84760166930905
20140814,24.3,24.75,24.0,24.2,2631248,64145922,1121,+0.20,16.987998349886617
20140815,24.0,24.55,23.9,24.2,1469086,35629069,685, 0.00,16.987998349886617
20140818,24.2,24.4,23.4,23.65,2912257,69209938,1128,-0.55,16.601907478298294
20140819,23.85,24.1,23.8,24.1,1773113,42447001,643,+0.45,16.91780000959784
20140820,24.1,24.3,23.45,24.25,6687920,158214668,1790,+0.15,17.02309752003102
20140821,24.15,24.45,23.35,23.6,8557544,205535029,2176,-0.65,16.566808308153902
20140822,23.8,23.95,23.6,23.8,2051916,48772156,784,+0.20,16.707204988731476
20140825,23.8,23.8,23.55,23.6,1248115,29474648,550,-0.20,16.566808308153902
20140826,23.65,24.25,23.6,23.9,3087193,74073936,1182,+0.30,16.77740332902026
20140827,24.2,24.45,23.95,24.15,3001760,72824958,986,+0.25,16.95289917974223
20140828,24.2,24.3,23.85,23.85,2723259,65247910,932,-0.30,16.74230415887587
20140829,23.85,24.45,23.85,24.15,2140034,51873561,742,+0.30,16.95289917974223
20140901,24.3,24.6,24.0,24.55,3549592,86393698,1169,+0.40,17.23369254089738
20140902,24.55,24.55,24.0,24.05,1942263,46932492,949,-0.50,16.882700839453438
20140903,24.3,24.3,23.65,24.0,2504064,60131619,929,-0.05,16.84760166930905
20140904,23.95,24.1,23.7,23.75,2072484,49433639,880,-0.25,16.672105818587085
20140905,23.5,23.85,23.5,23.7,2389637,56668810,881,X0.00,16.922008903662256
20140909,23.7,23.8,23.45,23.5,1254895,29600489,534,-0.20,16.779207140762153
20140910,23.45,23.45,23.0,23.2,1580483,36648550,715,-0.30,16.565004496411998
20140911,23.25,23.75,23.2,23.3,2599176,60985330,966,+0.10,16.63640537786205
20140912,23.3,23.4,22.6,22.85,3285467,75126094,1124,-0.45,16.315101411336823
20140915,22.85,23.0,22.65,22.7,845653,19253854,317,-0.15,16.208000089161743
20140916,22.7,23.05,22.65,22.8,801623,18296822,351,+0.10,16.279400970611796
20140917,23.0,23.35,22.95,23.15,3256339,75680861,1281,+0.35,16.529304055686968
20140918,23.2,23.5,23.2,23.45,2428051,56630380,698,+0.30,16.74350670003713
20140919,23.6,23.7,23.3,23.3,4856514,114067323,1503,-0.15,16.63640537786205
20140922,23.1,23.1,22.6,22.65,2753500,62685422,1031,-0.65,16.172299648436713
20140923,22.6,22.6,22.25,22.25,2479167,55472263,821,-0.40,15.886696122636506
20140924,22.2,22.4,22.15,22.25,1299826,28956015,491, 0.00,15.886696122636506
20140925,22.3,22.45,21.0,21.35,3067865,66137051,1080,-0.90,15.244088189586043
20140926,20.6,21.35,20.6,21.15,1810824,38054867,654,-0.20,15.101286426685936
20140929,21.2,21.45,21.15,21.25,1142548,24303984,343,+0.10,15.172687308135995
20140930,21.25,21.75,20.9,21.6,1307708,27802605,577,+0.35,15.422590393211173
20141001,21.6,21.9,21.4,21.5,821885,17804918,372,-0.10,15.351189511761115
20141002,21.3,21.45,21.15,21.4,1485180,31575469,514,-0.10,15.27978863031107
20141003,21.45,21.8,21.4,21.5,1678584,36354042,677,+0.10,15.351189511761115
20141006,21.6,21.9,21.55,21.75,882774,19223949,445,+0.25,15.529691715386251
20141007,21.7,21.7,21.3,21.3,818871,17584761,435,-0.45,15.208387748861012
20141008,21.2,21.45,21.05,21.2,1269308,26946695,332,-0.10,15.13698686741097
20141009,21.35,21.4,20.55,20.65,1828534,38304174,628,-0.55,14.74428201943568
20141013,19.75,19.75,19.25,19.25,3936858,76569815,1071,-1.40,13.74466967913496
20141014,18.8,19.0,17.95,18.8,6960877,127976273,1857,-0.45,13.423365712609725
20141015,18.6,18.75,18.4,18.65,1760414,32684232,693,-0.15,13.316264390434647
20141016,18.2,19.4,18.05,19.3,2733369,51426982,1034,+0.65,13.780370119859983
20141017,19.35,19.5,18.0,18.0,4831232,91265576,1731,-1.30,12.852158661009312
20141020,18.6,18.6,18.2,18.45,1959299,36116164,965,+0.45,13.173462627534542
20141021,18.65,19.1,18.5,18.6,1903000,35839850,764,+0.15,13.280563949709622
20141022,19.05,19.9,18.85,19.9,5649379,111446887,1867,+1.30,14.208775408560296
20141023,19.9,20.25,19.6,19.7,3624231,72250042,1564,-0.20,14.06597364566019
20141024,19.9,19.9,19.35,19.35,1563255,30446085,674,-0.35,13.816070560585008
20141027,19.6,19.6,18.6,18.95,1737193,32832251,759,-0.40,13.5304670347848
20141028,19.2,19.6,18.8,19.55,2109450,40428647,888,+0.60,13.958872323485112
20141029,19.65,19.95,19.35,19.8,1237062,24370326,578,+0.25,14.137374527110245
20141030,20.1,21.15,19.9,20.8,8908335,183979183,3256,+1.00,14.851383341610758
20141031,20.7,20.75,20.35,20.7,2367617,48774481,1250,-0.10,14.77998246016071
20141103,20.7,21.2,20.7,20.8,2692874,56521875,1382,+0.10,14.851383341610758
20141104,20.85,21.0,20.65,20.85,1894499,39408251,702,+0.05,14.887083782335791
20141105,20.85,21.0,20.65,20.7,766866,15946323,385,-0.15,14.77998246016071
20141106,20.8,20.8,20.25,20.3,906245,18486997,475,-0.40,14.494378934360503
20141107,20.2,20.6,20.2,20.6,657764,13500649,296,+0.30,14.708581578710655
20141110,20.8,21.1,20.8,21.0,1871622,39257962,792,+0.40,14.994185104510857
20141111,21.0,21.15,20.85,21.15,1459622,30668684,617,+0.15,15.101286426685936
20141112,21.15,21.15,20.65,20.7,951992,19836184,465,-0.45,14.77998246016071
20141113,20.95,21.8,20.95,21.65,10054365,215965709,3348,+0.95,15.4582908339362
20141114,21.65,21.85,21.35,21.85,7417460,160532500,2116,+0.20,15.6010925968363
20141117,21.85,21.9,21.3,21.3,4889790,106012545,1735,-0.55,15.208387748861012
20141118,21.4,21.4,20.8,20.9,2847495,59775816,1213,-0.40,14.922784223060814
20141119,20.95,21.25,20.9,21.25,4507017,95440559,1398,+0.35,15.172687308135995
20141120,21.25,21.75,21.1,21.7,4665977,100511743,1813,+0.45,15.493991274661223
20141121,21.7,21.75,21.25,21.25,3207233,68703497,1118,-0.45,15.172687308135995
20141124,21.35,21.75,21.0,21.75,4525870,96907677,1411,+0.50,15.529691715386251
20141125,22.1,22.3,21.75,21.75,8463099,186595496,3104, 0.00,15.529691715386251
20141126,21.85,22.05,21.6,21.6,3036412,66090040,1090,-0.15,15.422590393211173
20141127,21.6,21.85,21.4,21.4,1902212,40983158,800,-0.20,15.27978863031107
20141128,21.5,21.5,21.05,21.4,3162271,67161369,1074, 0.00,15.27978863031107
20141201,20.85,21.65,20.8,21.3,2635206,56195183,1047,-0.10,15.208387748861012
20141202,21.25,21.5,21.15,21.45,1583990,33796535,650,+0.15,15.315489071036096
20141203,21.5,22.3,21.5,22.3,5011595,110195755,1956,+0.85,15.922396563361538
20141204,22.4,22.95,22.1,22.35,10813981,244373867,3853,+0.05,15.95809700408656
20141205,22.3,22.5,22.05,22.35,2484160,55450170,1200, 0.00,15.95809700408656
20141208,22.5,23.1,22.5,22.75,7090000,162077148,2461,+0.40,16.243700529886773
20141209,22.75,23.2,22.55,22.55,3071621,70221818,1489,-0.20,16.100898766986663
20141210,22.5,22.75,22.0,22.1,2922121,65083821,1112,-0.45,15.77959480046143
20141211,22.15,22.5,21.95,22.2,1388071,30869468,632,+0.10,15.850995681911483
20141212,22.45,22.5,22.3,22.45,1383862,30989556,615,+0.25,16.029497885536614
20141215,22.0,22.45,22.0,22.25,1055903,23479840,584,-0.20,15.886696122636506
20141216,22.2,22.95,22.1,22.8,4105386,93006307,1403,+0.55,16.279400970611796
20141217,22.8,23.05,22.6,23.05,6464202,148022379,1959,+0.25,16.45790317423693
20141218,23.4,23.8,23.25,23.7,21903353,516313313,6121,+0.65,16.922008903662256
20141219,24.1,24.1,23.15,23.3,9493026,223537448,2961,-0.40,16.63640537786205
20141222,23.35,23.95,23.35,23.95,9633683,227562941,2563,+0.65,17.100511107287385
20141223,24.0,24.1,23.55,23.55,7331622,174159540,2267,-0.40,16.81490758148718
20141224,23.55,23.9,23.4,23.9,4907220,116226432,1566,+0.35,17.064810666562355
20141225,23.85,24.25,23.7,23.8,7914958,190356550,2631,-0.10,16.99340978511232
20141226,24.0,24.85,23.85,24.75,16371061,398797686,4629,+0.95,17.6717181588878
20141227,24.75,25.2,24.55,25.1,11353469,282644991,3865,+0.35,17.92162124396298
20141229,24.9,24.9,24.35,24.35,7511026,185004172,2753,-0.75,17.386114633087594
20141230,24.45,24.95,24.35,24.5,7095353,174980176,2462,+0.15,17.493215955262677
20141231,24.8,25.3,24.25,24.55,14787418,366914111,4905,+0.05,17.528916395987697
20150105,24.2,24.8,24.15,24.4,5311079,130325967,1988,-0.15,17.421815073812624
20150106,24.3,24.75,24.2,24.4,7202150,176709432,2991, 0.00,17.421815073812624
20150107,24.7,25.5,24.6,25.1,12463646,312723000,4660,+0.70,17.92162124396298
20150108,25.25,25.3,24.75,24.95,9420513,235064725,3132,-0.15,17.814519921787912
20150109,25.15,25.3,24.8,25.25,14211830,356614667,3771,+0.30,18.02872256613806
20150112,25.25,25.6,25.05,25.05,14083479,356491275,4666,-0.20,17.885920803237955
20150113,25.1,25.15,24.7,24.7,5832568,145172415,2450,-0.35,17.636017718162773
20150114,25.1,25.1,24.65,24.7,3798719,94130594,1772, 0.00,17.636017718162773
20150115,25.0,25.3,24.65,25.3,9315405,233872324,2518,+0.60,18.06442300686309
20150116,25.4,25.45,24.9,25.05,10737078,270607390,3659,-0.25,17.885920803237955
20150119,25.25,25.25,23.7,24.0,10155576,247074733,3681,-1.05,17.13621154801242
20150120,24.0,24.35,23.75,24.2,3909033,94332389,1467,+0.20,17.279013310912518
20150121,24.3,24.85,24.25,24.7,8914686,219642968,3156,+0.50,17.636017718162773
20150122,24.8,24.9,24.45,24.8,6528474,161477176,2444,+0.10,17.70741859961283
20150123,25.0,25.15,24.4,24.4,7386811,182407544,2705,-0.40,17.421815073812624
20150126,24.4,24.55,24.2,24.3,2644459,64474604,1078,-0.10,17.350414192362567
20150127,24.5,24.55,24.1,24.1,3145858,76338892,1288,-0.20,17.207612429462465
20150128,24.15,24.7,24.1,24.35,3382057,82707125,1332,+0.25,17.386114633087594
20150129,24.35,24.45,24.15,24.2,1821466,44190022,796,-0.15,17.279013310912518
20150130,24.5,24.55,24.2,24.25,1527903,37151207,661,+0.05,17.31471375163754
20150202,24.2,24.3,23.8,23.85,1941406,46418660,832,-0.40,17.02911022583734
20150203,23.9,24.1,23.65,23.7,1853309,44088770,876,-0.15,16.922008903662256
20150204,23.9,24.0,23.4,23.45,2800669,66114064,1572,-0.25,16.74350670003713
20150205,23.6,23.9,23.5,23.6,1703058,40380972,899,+0.15,16.85060802221221
20150206,23.8,23.85,23.5,23.5,1415032,33433198,705,-0.10,16.779207140762153
20150209,23.55,23.8,23.35,23.7,1199026,28229465,645,+0.20,16.922008903662256
20150210,23.9,24.2,23.7,23.8,2152085,51540156,1001,+0.10,16.99340978511232
20150211,23.9,24.05,23.7,23.7,1132165,26907199,534,-0.10,16.922008903662256
20150212,23.7,23.9,23.55,23.85,1436376,34092478,609,+0.15,17.02911022583734
20150213,23.95,24.2,23.9,23.9,3566305,85661733,1598,+0.05,17.064810666562355
20150224,24.3,24.3,23.85,23.9,1860282,44607104,849, 0.00,17.064810666562355
20150225,24.1,24.1,23.65,23.7,2487574,59110491,1160,-0.20,16.922008903662256
20150226,23.7,24.35,23.65,24.2,3264194,78537967,1491,+0.50,17.279013310912518
20150302,24.2,24.65,24.05,24.25,4347693,105947663,1577,+0.05,17.31471375163754
20150303,24.5,24.5,24.15,24.2,2382299,57865617,985,-0.05,17.279013310912518
20150304,24.05,24.75,24.05,24.55,5133324,125867902,1805,+0.35,17.528916395987697
20150305,24.7,24.7,24.4,24.4,2239572,54839744,961,-0.15,17.421815073812624
20150306,24.6,24.7,24.4,24.65,3148714,77441840,1333,+0.25,17.600317277437746
20150309,24.65,24.8,24.4,24.65,1947821,47835210,717, 0.00,17.600317277437746
20150310,24.7,24.7,24.3,24.35,2440326,59738986,1138,-0.30,17.386114633087594
20150311,24.0,24.7,24.0,24.35,4828197,118222663,1793, 0.00,17.386114633087594
20150312,24.35,24.95,24.3,24.9,5773841,142163006,1554,+0.55,17.778819481062882
20150313,25.0,25.4,24.8,24.8,11863062,298429917,4219,-0.10,17.70741859961283
20150316,24.7,24.8,24.4,24.45,3178536,77954669,1450,-0.35,17.457515514537647
20150317,24.5,24.75,24.2,24.2,2247014,54751184,967,-0.25,17.279013310912518
20150318,24.25,24.85,24.2,24.8,3741577,92152715,1777,+0.60,17.70741859961283
20150319,25.0,25.15,24.7,24.7,4978764,124356838,1992,-0.10,17.636017718162773
20150320,24.8,26.4,24.8,26.4,21883719,565452615,7109,+1.70,18.84983270281366
20150323,26.4,26.45,25.85,26.1,9434981,246454306,3892,-0.30,18.635630058463494
20150324,26.1,26.9,25.5,26.65,18416967,484580088,6655,+0.55,19.028334906438783
20150325,27.0,28.4,27.0,27.65,26208357,727068995,9578,+1.00,19.7423437209393
20150326,27.1,27.65,26.6,26.85,11295524,306169853,4913,-0.80,19.17113666933889
20150327,26.95,27.6,26.2,26.55,10363710,279245144,4109,-0.30,18.956934024988733
20150330,27.0,27.7,26.75,27.05,9866627,268534945,4167,+0.50,19.31393843223899
20150331,27.85,28.9,27.4,28.9,27012839,769401483,9851,+1.85,20.634854739064952
20150401,28.7,29.35,28.2,28.5,21670788,624612240,8926,-0.40,20.34925121326474
20150402,28.5,29.0,28.2,28.25,9696593,276564975,4270,-0.25,20.17074900963961
20150407,28.5,30.0,28.1,29.15,14451136,422820132,6100,+0.90,20.813356942690078
20150408,29.2,30.1,28.8,28.8,15081708,444560678,6446,-0.35,20.5634538576149
20150409,28.8,29.2,27.75,27.9,14469981,409151208,5696,-0.90,19.920845924564432
20150410,28.4,28.55,27.05,27.9,10053819,279965491,4420, 0.00,19.920845924564432
20150413,28.25,28.5,27.9,28.4,6523785,183867134,2852,+0.50,20.27785033181469
20150414,28.35,28.35,27.6,27.85,7654676,213655071,3346,-0.55,19.88514548383941
20150415,27.85,28.2,27.3,27.55,6639699,183886502,2920,-0.30,19.67094283948925
20150416,27.85,29.35,27.7,28.95,23758210,681201901,8613,+1.40,20.670555179789975
20150417,28.95,29.8,28.65,29.0,18706901,546075929,7171,+0.05,20.706255620514998
20150420,28.55,28.8,27.85,28.0,10409586,292525351,5005,-1.00,19.992246806014478
20150421,28.0,28.3,26.15,26.3,15253916,409793381,6130,-1.70,18.7784318213636
20150422,26.7,27.1,26.5,26.9,5374773,144339539,2557,+0.60,19.206837110063915
20150423,27.0,27.15,26.3,26.7,6739091,179891206,2828,-0.20,19.064035347163813
20150424,26.9,27.3,26.55,26.6,4977709,133608856,2147,-0.10,18.992634465713763
20150427,26.95,28.0,26.9,27.9,9428419,259999401,3850,+1.30,19.920845924564432
20150428,28.0,28.05,27.15,27.15,5191394,142293437,2456,-0.75,19.385339313689045
20150429,27.2,27.55,26.3,26.7,5264193,141796561,2435,-0.45,19.064035347163813
20150430,26.7,26.95,26.35,26.85,4319125,115082648,1755,+0.15,19.17113666933889
20150504,27.0,27.0,26.45,26.5,2179401,58056428,1108,-0.35,18.9212335842637
20150505,26.5,26.9,26.2,26.35,3544171,93899058,1555,-0.15,18.814132262088638
20150506,26.15,26.85,26.1,26.65,3277080,87302776,1681,+0.30,19.028334906438783
20150507,26.4,26.65,26.1,26.15,3303252,86711634,1497,-0.50,18.67133049918852
20150508,26.2,26.4,25.0,25.3,6101063,156188885,2597,-0.85,18.06442300686309
20150511,25.6,25.65,23.55,23.95,7772080,186840016,3075,-1.35,17.100511107287385
20150512,24.15,25.6,24.1,25.6,6272894,156490876,2655,+1.65,18.278625651213247
20150513,25.6,26.4,25.25,26.4,6569956,170280675,2776,+0.80,18.84983270281366
20150514,26.4,26.4,25.5,25.8,5052218,131106695,2112,-0.60,18.421427414113346
20150515,25.9,26.05,25.4,25.4,2673486,68566853,1150,-0.40,18.135823888313137
20150518,25.6,25.65,24.6,25.05,2593201,64940929,1263,-0.35,17.885920803237955
20150519,25.4,25.95,25.2,25.95,2786247,71865779,1436,+0.90,18.52852873628843
20150520,26.2,27.15,25.85,26.5,7451479,198141839,3187,+0.55,18.9212335842637
20150521,26.25,26.9,26.1,26.45,5504389,146254732,2370,-0.05,18.88553314353868
20150522,26.7,26.7,25.9,26.15,3480871,91610820,1650,-0.30,18.67133049918852
20150525,26.2,26.25,25.8,25.85,2320021,60182336,1150,-0.30,18.457127854838372
20150526,26.0,27.05,25.9,26.85,5453844,145337194,2622,+1.00,19.17113666933889
20150527,26.7,27.0,26.5,26.85,3375595,90328158,1574, 0.00,19.17113666933889
20150528,27.2,27.6,26.85,26.85,6259501,170542147,2550, 0.00,19.17113666933889
20150529,27.0,27.25,26.7,27.1,4900054,132359751,2136,+0.25,19.34963887296402
20150601,27.35,27.35,26.55,26.7,1910449,51238234,962,-0.40,19.064035347163813
20150602,26.6,28.15,26.6,27.3,10024403,277168738,4006,+0.60,19.49244063586412
20150603,27.45,29.0,27.1,28.6,18993391,538536081,6720,+1.30,20.420652094714796
20150604,28.9,29.95,28.6,29.0,33120786,971275539,13137,+0.40,20.706255620514998
20150605,29.45,30.55,27.8,29.45,29667495,871328580,11356,+0.45,21.02755958704023
20150608,29.5,29.9,27.8,28.0,17522889,500705629,6912,-1.45,19.992246806014478
20150609,27.8,28.1,25.5,25.75,17439570,465757669,6875,-2.25,18.38572697338832
20150610,25.85,26.75,25.85,26.15,6043698,158648035,2615,+0.40,18.67133049918852
20150611,26.5,26.55,25.7,26.25,4752908,124169630,2337,+0.10,18.74273138063858
20150612,26.0,26.9,26.0,26.4,4389231,116738594,2203,+0.15,18.84983270281366
20150615,26.4,26.95,25.6,25.8,3673845,95993172,1918,-0.60,18.421427414113346
20150616,25.8,26.0,24.8,25.0,5713654,143483050,2555,-0.80,17.85022036251293
20150617,25.25,25.3,24.85,24.85,3693488,92622371,1705,-0.15,17.743119040337852
20150618,24.85,25.65,24.85,25.65,3097931,78446329,1592,+0.80,18.314326091938266
20150622,25.9,25.9,25.05,25.05,3402889,86532112,1568,-0.60,17.885920803237955
20150623,25.6,25.7,25.15,25.3,2423446,61695452,1315,+0.25,18.06442300686309
20150624,25.4,26.8,25.1,26.5,8036402,210906559,3878,+1.20,18.9212335842637
20150625,27.2,28.7,27.1,28.05,15861393,443657551,6996,+1.55,20.027947246739508
20150626,28.05,28.05,27.15,27.45,6795024,187586598,3152,-0.60,19.599541958039197
20150629,27.0,27.15,25.55,25.65,5815323,152808127,2565,-1.80,18.314326091938266
20150630,25.65,27.3,25.65,27.15,6817069,182401313,3379,+1.50,19.385339313689045
20150701,27.15,27.5,26.7,26.7,4095950,111258463,1991,-0.45,19.064035347163813
20150702,27.05,28.25,27.05,27.9,9608893,268147375,4357,+1.20,19.920845924564432
20150703,28.25,28.75,28.05,28.1,12376916,351300041,5111,+0.20,20.063647687464535
20150706,27.7,28.2,26.85,27.0,5109216,140158882,2424,-1.10,19.27823799151396
20150707,27.15,27.65,26.85,27.05,3182470,86704762,1628,+0.05,19.31393843223899
20150708,26.8,27.3,25.1,25.5,8607641,221521469,3545,-1.55,18.207224769763187
20150709,25.0,25.8,23.55,25.8,5716733,142344959,2390,+0.30,18.421427414113346
20150713,26.4,26.5,26.05,26.1,3030908,79491997,1413,+0.30,18.635630058463494
20150714,26.4,26.65,25.9,25.95,2367636,61951251,1193,-0.15,18.52852873628843
20150715,26.2,26.25,25.7,25.7,1681397,43564991,868,-0.25,18.350026532663293
20150716,25.9,26.2,25.6,25.6,2171524,56170610,908,-0.10,18.278625651213247
20150717,25.75,25.85,25.5,25.5,1689212,43285213,866,-0.10,18.207224769763187
20150720,25.8,26.3,25.35,25.35,2147038,55381655,1173,-0.15,18.100123447588114
20150721,25.4,25.6,24.6,25.0,2844628,71083981,1416,-0.35,17.85022036251293
20150722,24.8,25.1,24.25,24.3,2729094,66971077,1302,-0.70,17.350414192362567
20150723,24.3,24.75,23.65,24.6,3439125,83292110,1472,+0.30,17.564616836712727
20150724,24.5,25.0,24.2,24.2,2023392,49557446,872,-0.40,17.279013310912518
20150727,24.0,24.15,21.8,21.8,7147592,160463582,2691,-2.40,15.56539215611128
20150728,21.0,21.65,20.2,21.0,7057995,146625492,2662,-0.80,14.994185104510857
20150729,21.4,21.65,21.0,21.1,3345982,71302670,1552,+0.10,15.065585985960917
20150730,21.4,22.4,21.35,22.0,3222769,70725268,1551,+0.90,15.708193919011384
20150731,22.25,22.3,21.6,21.7,2211577,48403634,1033,-0.30,15.493991274661223
20150803,21.6,21.6,20.65,21.05,2066772,43721749,871,-0.65,15.029885545235889
20150804,21.2,21.55,19.2,19.5,4551411,91575770,1781,-1.55,13.923171882760087
20150805,19.7,21.45,19.7,21.45,5551300,116172931,2572,+1.95,15.315489071036096
20150806,21.7,21.85,20.8,21.05,3606214,76778944,1809,-0.40,15.029885545235889
20150807,21.0,22.2,20.7,21.8,3886452,84372398,1930,+0.75,15.56539215611128
20150810,22.5,23.45,22.2,23.2,5107330,116520901,2327,+1.40,16.565004496411998
20150811,23.65,23.7,22.7,22.75,6791142,157773273,2864,-0.45,16.243700529886773
20150812,22.5,22.55,21.9,22.0,3529634,78403448,1778,-0.75,15.708193919011384
20150813,22.5,23.2,22.3,23.15,4900714,112139641,2347,+1.15,16.529304055686968
20150814,23.25,23.25,22.6,22.95,1867214,42829499,965,-0.20,16.38650229278687
20150817,23.15,23.15,22.4,22.4,1955681,44062003,1007,-0.55,15.993797444811587
20150818,22.6,22.75,22.0,22.05,1563211,34816592,845,-0.35,15.743894359736405
20150819,21.8,22.2,20.35,20.85,5150056,107677078,2629,-1.20,14.887083782335791
20150820,20.85,21.45,20.5,21.2,2347220,49626814,1287,+0.35,15.13698686741097
20150821,20.6,20.95,20.25,20.25,2486921,51014660,1226,-0.95,14.458678493635476
20150824,19.25,19.7,18.25,18.45,5492613,102387901,2112,-1.80,13.173462627534542
20150825,17.2,19.1,17.2,18.65,4763635,88009635,2211,+0.20,13.316264390434647
20150826,18.5,18.75,18.0,18.7,2527112,46598189,1145,+0.05,13.351964831159675
20150827,19.1,19.45,18.9,18.9,5335916,102114843,2589,+0.20,13.494766594059776
20150828,19.35,19.65,18.95,19.0,5554955,106583084,2138,+0.10,13.56616747550983
20150831,18.9,19.35,18.75,18.8,4890488,92506197,2328,-0.20,13.423365712609725
20150901,18.8,19.65,18.8,19.25,7799216,150037039,3073,+0.45,13.74466967913496
20150902,19.0,20.75,18.9,20.5,13119268,261633441,4445,+1.25,14.637180697260607
20150903,20.95,22.55,20.85,22.55,16252126,353936334,6791,+2.05,16.100898766986663
20150904,22.9,23.4,21.65,21.85,13090322,297978289,5103,-0.70,15.6010925968363
20150907,21.7,22.65,21.7,22.4,4841743,107857690,2227,+0.55,15.993797444811587
20150908,22.7,23.1,22.6,22.95,6744418,154218851,2645,+0.55,16.38650229278687
20150909,23.85,24.4,23.65,23.95,14859533,355902909,5395,+1.00,17.100511107287385
20150910,23.8,24.0,23.55,23.75,4274723,101741645,1882,-0.20,16.957709344387286
20150911,23.95,24.8,23.75,24.5,8569399,208997974,3405,+0.75,17.493215955262677
20150914,24.95,25.0,23.6,23.6,6283263,152142426,2558,-0.90,16.85060802221221
20150915,23.9,24.2,23.25,23.5,5505746,129926115,2786,-0.10,16.779207140762153
20150916,23.8,24.4,23.55,23.95,6500936,155974798,3113,+0.45,17.100511107287385
20150917,23.8,24.0,23.4,23.75,7132552,169026328,2911,X0.00,17.69660735503597
20150918,24.2,24.35,23.75,23.95,5414777,130086605,2418,+0.20,17.84563141697311
20150921,23.6,23.8,23.25,23.65,4013038,94492747,1800,-0.30,17.622095324067395
20150922,23.7,26.0,23.7,26.0,17896692,450779722,6673,+2.35,19.37312805182885
20150923,25.0,25.65,24.7,24.85,10697454,268742700,4576,-1.15,18.51623969569027
20150924,25.1,25.45,23.9,24.45,7030542,173856070,3225,-0.40,18.21819157181597
20150925,24.85,25.55,24.55,25.15,7498881,188640025,3203,+0.70,18.739775788595985
20150930,24.75,25.85,24.7,25.35,7341123,186500947,3222,+0.20,18.888799850533132
20151001,25.6,25.85,25.25,25.3,5212809,132806485,2391,-0.05,18.851543835048844
20151002,25.5,26.35,25.25,25.9,9136665,236750503,4002,+0.60,19.29861602086028
20151005,26.5,26.85,26.0,26.2,12049813,319255916,4458,+0.30,19.522152113765994
20151006,26.5,26.8,25.35,25.7,9182006,238504397,4243,-0.50,19.149591958923136
20151007,26.0,27.4,25.8,27.35,24879526,665024643,7804,+1.65,20.37904046990458
20151008,27.6,27.8,25.9,26.1,16845424,453374109,6941,-1.25,19.44764008279742
20151012,26.55,26.85,26.2,26.2,5208488,137950584,2352,+0.10,19.522152113765994
20151013,26.3,26.65,26.05,26.2,4530675,119266433,2230, 0.00,19.522152113765994
20151014,26.2,26.7,25.9,26.3,5069327,133018994,2396,+0.10,19.596664144734568
20151015,26.5,26.75,26.1,26.1,3970565,104513940,1850,-0.20,19.44764008279742
20151016,26.3,26.45,25.6,26.2,5109047,133023929,2190,+0.10,19.522152113765994
20151019,26.35,26.35,25.85,25.85,2447867,63653772,1472,-0.35,19.261360005375995
20151020,25.95,26.75,25.9,26.2,7625999,201395118,3223,+0.35,19.522152113765994
20151021,26.2,26.35,25.6,25.7,4390785,113567992,2253,-0.50,19.149591958923136
20151022,25.7,26.75,25.7,26.25,7236921,191282880,3538,+0.55,19.55940812925028
20151023,26.5,26.6,25.95,26.05,3597627,94472332,1722,-0.20,19.41038406731313
20151026,26.2,26.7,26.15,26.2,3792297,100141274,1771,+0.15,19.522152113765994
20151027,26.4,27.05,26.05,26.8,7820165,207780040,3384,+0.60,19.96922429957743
20151028,27.0,27.65,26.7,26.7,13658101,371591967,5418,-0.10,19.894712268608856
20151029,26.9,27.0,26.1,26.2,5734412,151433591,2559,-0.50,19.522152113765994
20151030,26.4,26.6,26.1,26.3,3216539,84750715,1540,+0.10,19.596664144734568
20151102,26.3,26.7,26.2,26.55,2553410,67668492,1301,+0.25,19.782944222156
20151103,26.8,27.3,26.6,26.9,5782610,155868864,2748,+0.35,20.043736330546004
20151104,27.05,27.55,26.9,27.0,8344969,226981413,3075,+0.10,20.118248361514574
20151105,27.1,27.65,27.0,27.6,7220282,197548477,2622,+0.60,20.565320547326007
20151106,27.75,27.8,26.85,26.85,8892877,242263635,3701,-0.75,20.006480315061715
20151109,27.1,27.3,26.1,26.25,10109493,269236211,4206,-0.60,19.55940812925028
20151110,25.95,26.5,25.5,26.5,4672501,121794225,2364,+0.25,19.745688206671712
20151111,26.95,27.25,26.45,26.5,10927856,292400650,3922, 0.00,19.745688206671712
20151112,26.6,26.85,24.8,25.5,8108701,208524640,3721,-1.00,19.000567896985984
20151113,24.9,25.9,24.9,24.95,5023227,126694409,2351,-0.55,18.590751726658837
20151116,24.65,24.8,24.15,24.45,4876804,119189847,2741,-0.50,18.21819157181597
20151117,26.2,26.85,25.85,26.85,28672437,764598563,6129,+2.40,20.006480315061715
20151118,27.3,27.95,26.9,26.9,25596732,703034909,8717,+0.05,20.043736330546004
20151119,27.75,27.75,26.9,26.9,12290912,335953319,4172, 0.00,20.043736330546004
20151120,26.85,27.1,26.5,26.85,4855902,129879274,2298,-0.05,20.006480315061715
20151123,27.0,27.75,26.7,27.3,11381711,312294948,4224,+0.45,20.341784454420296
20151124,27.3,27.45,26.6,26.6,6181600,166392614,2201,-0.70,19.820200237640282
20151125,26.4,26.8,25.65,25.85,6386270,165874157,3060,-0.75,19.261360005375995
20151126,25.95,26.7,25.8,26.35,5375469,141102906,2290,+0.50,19.633920160218857
20151127,26.7,27.25,26.5,26.5,7709743,207201973,3226,+0.15,19.745688206671712
20151130,26.3,26.8,25.95,26.35,3028329,79926396,1464,-0.15,19.633920160218857
20151201,27.0,27.65,27.0,27.3,10000426,273845755,3952,+0.95,20.341784454420296
20151202,27.85,30.0,27.85,30.0,49709176,1465283930,15832,+2.70,22.35360929057175
20151203,30.8,33.0,30.7,32.8,52197214,1673558174,19890,+2.80,24.43994615769178
20151204,33.15,34.0,32.8,32.8,37913247,1264600388,16262, 0.00,24.43994615769178
20151207,32.4,33.5,32.1,32.1,22864219,745503908,9944,-0.70,23.918361940911772
20151208,32.55,33.65,31.6,31.6,24137452,790915391,10096,-0.50,23.54580178606891
20151209,31.85,32.2,29.8,30.45,25325529,775692161,9963,-1.15,22.68891342993032
20151210,30.5,31.2,30.15,30.5,15866036,486524284,6909,+0.05,22.726169445414612
20151211,30.55,31.6,29.8,30.1,25158998,774405233,10170,-0.40,22.428121321540324
20151214,30.65,32.95,30.5,31.7,28625706,909587377,12062,+1.60,23.620313817037477
20151215,31.95,32.5,30.8,31.0,19095684,603084704,8599,-0.70,23.098729600257474
20151216,31.4,32.2,29.85,30.4,24003728,743603558,10306,-0.60,22.651657414446042
20151217,30.95,31.75,30.5,31.45,15172826,471695127,6949,+1.05,23.434033739616048
20151218,31.45,31.8,31.0,31.05,8406282,262880755,4166,-0.40,23.135985615741767
20151221,30.95,31.6,30.55,31.5,9071120,281645750,4086,+0.45,23.47128975510034
20151222,31.85,32.55,30.5,30.65,19780835,624323525,8570,-0.85,22.837937491867468
20151223,31.0,31.15,30.35,30.35,8616214,264387276,4172,-0.30,22.614401398961757
20151224,30.9,30.9,29.0,29.0,14233772,422232488,6444,-1.35,21.608488980886026
20151225,28.8,29.75,28.4,29.65,9450277,275871756,4330,+0.65,22.09281718218174
20151228,30.0,30.2,29.0,29.6,5048022,149473444,2542,-0.05,22.055561166697462
20151229,29.85,29.9,28.75,29.15,7207872,210826124,3017,-0.45,21.72025702733888
20151230,29.6,29.6,28.2,28.25,10604325,303217659,4510,-0.90,21.049648748621728
20151231,28.25,28.95,28.15,28.75,6990929,200353995,3227,+0.50,21.42220890346459
20160104,28.9,28.95,27.6,27.6,7770186,218190603,3280,-1.15,20.565320547326007
20160105,27.7,27.9,27.0,27.1,8130786,222828061,3734,-0.50,20.192760392483144
20160106,27.45,29.35,27.35,28.7,18212903,517851511,8190,+1.60,21.384952887980308
20160107,29.0,29.6,27.1,27.35,19443158,550109040,8826,-1.35,20.37904046990458
20160108,27.5,28.25,27.4,27.7,7359437,205015195,3534,+0.35,20.63983257829458
20160111,27.15,27.65,26.1,26.1,13211405,353506680,5472,-1.60,19.44764008279742
20160112,26.75,27.8,26.6,26.6,13714401,374158348,6503,+0.50,19.820200237640282
20160113,27.4,27.7,26.6,27.0,8361542,226882995,4087,+0.40,20.118248361514574
20160114,26.0,26.45,25.65,25.8,6456825,167682080,3291,-1.20,19.224103989891706
20160115,26.35,26.45,25.6,25.6,5969120,155570867,3008,-0.20,19.075079927954558
20160118,25.2,26.35,25.05,26.15,7963140,206061094,3193,+0.55,19.48489609828171
20160119,26.35,28.3,25.95,28.3,13887153,379920830,6094,+2.15,21.086904764106027
20160120,28.35,29.15,27.7,27.7,21130131,599752552,9535,-0.60,20.63983257829458
20160121,28.05,28.25,27.1,27.2,6619592,182919113,3432,-0.50,20.267272423451722
20160122,27.7,28.15,27.5,27.6,7485381,208411577,3626,+0.40,20.565320547326007
20160125,28.1,28.8,27.95,28.6,7230421,205965872,3458,+1.00,21.310440857011734
20160126,28.2,28.8,28.1,28.2,4303237,122489931,2307,-0.40,21.012392733137442
20160127,28.7,28.7,27.6,27.6,4597132,129227125,2344,-0.60,20.565320547326007
20160128,27.7,28.5,27.35,27.9,4664553,130712697,2371,+0.30,20.788856640231725
20160129,27.95,28.3,27.6,27.95,2993083,83914914,1578,+0.05,20.82611265571601
20160130,28.3,28.85,28.2,28.85,6229052,178091088,2649,+0.90,21.496720934433164
20160201,29.3,29.4,28.35,28.35,6376735,183939441,2816,-0.50,21.124160779590305
20160202,28.5,28.9,28.35,28.6,3569708,102413390,1675,+0.25,21.310440857011734
20160203,29.1,29.55,28.25,28.25,10047164,291666078,4791,-0.35,21.049648748621728
20160215,27.95,30.6,27.95,30.3,14613693,433486734,6990,+2.05,22.57714538347747
20160216,30.5,30.65,29.65,30.0,9659053,290394920,4620,-0.30,22.35360929057175
20160217,30.25,30.85,30.0,30.1,8699884,264147959,4171,+0.10,22.428121321540324
20160218,30.65,30.8,30.1,30.1,6525988,198174334,3177, 0.00,22.428121321540324
20160219,30.35,30.55,29.7,29.8,5907179,177701074,2863,-0.30,22.2045852286346
20160222,30.15,31.45,30.1,30.7,11418041,352849996,5584,+0.90,22.875193507351753
20160223,30.8,31.1,30.1,30.3,5763866,175324606,3057,-0.40,22.57714538347747
20160224,30.4,30.4,29.75,29.8,4355073,130364615,2171,-0.50,22.2045852286346
20160225,29.85,30.15,29.3,29.3,5716465,169962468,2286,-0.50,21.832025073791744
20160226,29.85,29.9,29.3,29.65,2239487,66210910,1146,+0.35,22.09281718218174
20160301,29.85,30.6,29.8,30.5,7589479,229865650,3499,+0.85,22.726169445414612
20160302,31.0,32.3,30.6,30.85,19871403,627299163,8934,+0.35,22.986961553804615
20160303,31.05,31.25,30.1,30.15,6490932,198262940,3236,-0.70,22.465377337024602
20160304,30.15,30.35,29.85,29.9,4017074,120659782,2108,-0.25,22.279097259603173
20160307,30.1,30.25,29.75,29.8,2521258,75499234,1342,-0.10,22.2045852286346
20160308,30.05,30.95,29.95,30.05,7206029,219147120,3509,+0.25,22.390865306056035
20160309,30.25,30.25,29.3,29.3,6169086,182318003,3084,-0.75,21.832025073791744
20160310,29.3,29.85,29.25,29.8,4423199,130943940,1977,+0.50,22.2045852286346
20160311,29.65,29.95,29.45,29.75,7596594,225998712,2920,-0.05,22.16732921315032
20160314,30.35,30.65,29.95,30.4,8833794,268219275,3681,+0.65,22.651657414446042
20160315,30.5,30.55,29.6,29.6,5547382,165792422,2743,-0.80,22.055561166697462
20160316,29.75,30.15,29.65,29.8,3487511,104179566,1653,+0.20,22.2045852286346
20160317,30.0,30.05,28.7,28.7,8243888,240063457,4097,-1.10,21.384952887980308
20160318,28.8,29.0,28.15,28.45,4750799,134715330,2378,-0.25,21.19867281055888
20160321,28.75,28.8,28.2,28.5,2671691,76112906,1548,+0.05,21.235928826043164
20160322,28.65,29.3,28.6,28.95,5056350,146463632,2684,+0.45,21.57123296540174
20160323,29.0,29.35,28.8,28.8,2866343,83320601,1574,-0.15,21.459464918948882
20160324,28.7,29.25,28.7,28.85,2330881,67604616,1421,+0.05,21.496720934433164
20160325,29.0,29.1,28.35,28.4,3184388,90876950,1552,-0.45,21.16141679507459
20160328,28.5,28.9,28.4,28.4,2030739,58128840,1144, 0.00,21.16141679507459
20160329,28.6,28.6,27.85,28.0,3975819,111885382,1789,-0.40,20.8633686712003
20160330,28.15,28.7,28.0,28.45,3147113,89293145,1475,+0.45,21.19867281055888
20160331,28.7,28.7,28.0,28.1,2170680,61166500,1183,-0.35,20.937880702168872
20160401,28.05,28.1,27.5,27.6,3638950,100859115,1640,-0.50,20.565320547326007
20160406,27.5,28.05,27.3,27.8,2686034,74569204,1570,+0.20,20.71434460926316
20160407,27.9,28.35,27.7,27.95,2088991,58491064,1168,+0.15,20.82611265571601
20160408,28.25,29.15,28.2,28.9,6299833,181799169,2907,+0.95,21.53397694991745
20160411,28.95,29.2,28.55,28.6,2361554,68220003,1211,-0.30,21.310440857011734
20160412,28.75,28.9,27.85,27.9,2269307,64045148,1142,-0.70,20.788856640231725
20160413,28.0,28.35,27.9,28.0,1816333,51084882,1053,+0.10,20.8633686712003
20160414,28.15,28.45,28.0,28.1,1323937,37338436,797,+0.10,20.937880702168872
20160415,28.1,28.3,27.9,28.0,768405,21617590,488,-0.10,20.8633686712003
20160418,27.95,28.05,27.75,27.8,1095277,30522246,650,-0.20,20.71434460926316
20160419,28.0,28.1,27.35,27.45,2059836,56917161,1095,-0.35,20.453552500873155
20160420,27.55,27.6,26.85,26.95,2713758,73505283,1393,-0.50,20.080992346030285
20160421,27.3,27.3,26.6,26.6,1758317,47223462,996,-0.35,19.820200237640282
20160422,26.45,27.15,25.5,25.9,4248152,111115552,2262,-0.70,19.29861602086028
20160425,26.0,26.35,25.8,26.1,1041501,27256399,688,+0.20,19.44764008279742
20160426,26.2,26.4,25.9,26.4,1289276,33773932,705,+0.30,19.671176175703142
20160427,26.5,26.65,26.25,26.5,1375553,36439168,721,+0.10,19.745688206671712
20160428,26.5,26.5,25.8,25.9,1817001,47253126,858,-0.60,19.29861602086028
20160429,25.45,25.75,25.4,25.4,2246521,57308859,854,-0.50,18.926055866017414
20160503,25.05,25.15,23.9,23.95,5123703,124727480,2635,-1.45,17.84563141697311
20160504,23.8,24.35,23.45,23.6,3144163,74684629,1480,-0.35,17.584839308583113
20160505,23.6,23.85,23.3,23.5,2545892,59834012,1285,-0.10,17.51032727761454
20160506,23.6,23.6,23.3,23.4,1876525,43886082,843,-0.10,17.435815246645966
20160509,23.5,23.65,23.15,23.2,2920832,68210601,1171,-0.20,17.28679118470882
20160510,23.2,24.0,22.8,24.0,3861850,90428150,1677,+0.80,17.882887432457398
20160511,24.3,24.3,23.0,23.0,4736113,111750312,2364,-1.00,17.137767122771674
20160512,22.95,23.25,22.35,22.5,3185490,72461664,1398,-0.50,16.765206967928815
20160513,22.95,23.45,22.65,23.4,4045495,93211976,2023,+0.90,17.435815246645966
20160516,23.4,23.55,23.0,23.3,1695608,39632113,875,-0.10,17.36130321567739
20160517,23.8,24.1,23.5,23.65,6653208,158776768,2586,+0.35,17.622095324067395
20160518,23.65,23.9,23.35,23.55,3219439,76098247,1613,-0.10,17.547583293098825
20160519,23.6,23.7,23.3,23.35,1649661,38649681,905,-0.20,17.39855923116168
20160520,23.4,23.6,23.2,23.3,1702027,39762034,929,-0.05,17.36130321567739
20160523,23.4,24.05,23.3,23.9,4191015,99857754,1676,+0.60,17.808375401488828
20160524,23.7,23.95,23.65,23.85,1826177,43535975,827,-0.05,17.771119386004546
20160525,24.2,26.1,24.0,25.55,10744322,270981741,4887,+1.70,19.037823912470273
20160526,25.8,26.0,25.25,25.35,5473972,140246437,2340,-0.20,18.888799850533132
20160527,25.55,26.15,25.45,25.6,5284688,136314340,2337,+0.25,19.075079927954558
20160530,25.55,25.55,24.8,25.15,5400243,135433184,2145,-0.45,18.739775788595985
20160531,25.1,25.35,25.0,25.25,2609939,65724466,1272,+0.10,18.81428781956455
20160601,25.0,25.4,24.75,24.8,6031351,151196602,2486,-0.45,18.478983680205978
20160602,24.9,25.15,24.3,24.35,3618246,89158290,1626,-0.45,18.14367954084741
20160603,24.55,24.7,24.35,24.35,1521951,37241613,701, 0.00,18.14367954084741
20160604,24.5,24.6,24.25,24.55,579000,14179898,351,+0.20,18.292703602784545
20160606,24.55,24.7,24.1,24.15,1527789,37140958,768,-0.40,17.99465547891026
20160607,24.2,24.45,24.05,24.1,2760185,66710156,1247,-0.05,17.957399463425972
20160608,24.25,24.55,24.2,24.2,2092216,50908273,1259,+0.10,18.031911494394542
20160613,24.0,24.05,23.45,23.45,2529011,59609403,1267,-0.75,17.47307126213025
20160614,23.5,23.9,23.45,23.85,1559100,36964789,857,+0.40,17.771119386004546
20160615,23.6,23.75,23.35,23.4,3309766,77857109,1925,-0.45,17.435815246645966
20160616,23.55,23.65,23.4,23.4,1661051,39059960,935, 0.00,17.435815246645966
20160617,23.65,23.8,23.65,23.8,1302079,30901970,733,+0.40,17.733863370520254
20160620,23.95,24.2,23.65,24.05,2106761,50600185,1116,+0.25,17.920143447941687
20160621,24.2,24.25,23.9,23.95,1693280,40745654,817,-0.10,17.84563141697311
20160622,24.05,24.5,24.0,24.45,1885852,45794075,982,+0.50,18.21819157181597
20160623,24.45,24.55,24.2,24.2,1418631,34455067,766,-0.25,18.031911494394542
20160624,24.25,24.35,23.2,23.4,3466610,82063723,1549,-0.80,17.435815246645966
20160627,23.25,23.6,23.2,23.45,1341597,31469645,651,+0.05,17.47307126213025
20160628,23.35,23.5,23.05,23.3,2228666,51978966,979,-0.15,17.36130321567739
20160629,23.45,24.3,23.45,24.1,3204154,76968161,1455,+0.80,17.957399463425972
20160630,24.45,24.7,24.2,24.2,3280530,80193898,1501,+0.10,18.031911494394542
20160701,24.25,24.4,24.15,24.4,1454728,35295061,728,+0.20,18.18093555633169
20160704,24.5,24.65,24.25,24.5,1185173,29057778,619,+0.10,18.255447587300267
20160705,24.55,24.65,24.2,24.25,1467020,35734437,734,-0.25,18.069167509878827
20160706,24.2,24.2,23.8,23.85,1022683,24478620,598,-0.40,17.771119386004546
20160707,23.95,24.05,23.65,23.85,889000,21211650,491, 0.00,17.771119386004546
20160711,24.35,24.65,24.2,24.35,3096448,75624689,1495,+0.50,18.14367954084741
20160712,24.4,25.55,24.4,25.15,8356462,210713018,3553,+0.80,18.739775788595985
20160713,25.15,25.55,24.95,25.4,5103749,129153180,2294,+0.25,18.926055866017414
20160714,25.5,25.5,25.05,25.2,2444888,61754776,1047,-0.20,18.777031804080274
20160715,25.4,25.55,25.05,25.05,2952591,74526898,1433,-0.15,18.665263757627407
20160718,25.15,26.05,25.15,25.8,5661989,145417612,2427,+0.75,19.224103989891706
20160719,26.3,26.8,25.9,25.9,13394096,353192426,5168,+0.10,19.29861602086028
20160720,25.9,25.9,25.3,25.35,3828673,97598079,1686,-0.55,18.888799850533132
20160721,25.55,25.8,25.5,25.7,2668005,68447224,1247,+0.35,19.149591958923136
20160722,25.7,25.9,25.6,25.7,1723115,44413935,854, 0.00,19.149591958923136
20160725,25.8,25.95,25.5,25.6,1683619,43140394,893,-0.10,19.075079927954558
20160726,25.65,25.85,25.5,25.75,1570694,40355462,826,+0.15,19.186847974407417
20160727,25.9,26.1,25.75,25.8,2410001,62389175,1194,+0.05,19.224103989891706
20160728,25.9,25.9,25.45,25.5,1821698,46672592,1014,-0.30,19.000567896985984
20160729,25.65,25.85,25.5,25.65,1185671,30372759,629,+0.15,19.11233594343885
20160801,25.8,27.6,25.75,27.4,15131515,408117747,6104,+1.75,20.41629648538886
20160802,27.4,27.7,26.9,27.25,7983478,217500420,3396,-0.15,20.30452843893601
20160803,26.7,26.75,25.95,26.1,12133750,317116669,4542,-1.15,19.44764008279742
20160804,26.1,26.25,25.6,25.75,5136821,132818847,2513,-0.35,19.186847974407417
20160805,26.1,26.35,25.85,25.85,4405019,114792634,1874,+0.10,19.261360005375995
20160808,26.15,26.8,26.05,26.35,7424534,196723615,3250,+0.50,19.633920160218857
20160809,26.1,26.1,25.15,25.25,8257158,211383135,3706,-1.10,18.81428781956455
20160810,25.3,25.85,25.0,25.7,3470303,88360020,1880,+0.45,19.149591958923136
20160811,25.8,25.85,25.15,25.4,2772698,70603998,1352,-0.30,18.926055866017414
20160812,25.6,25.8,25.15,25.2,3001965,76199968,1528,-0.20,18.777031804080274
20160815,25.3,25.4,25.05,25.25,1539613,38804229,787,+0.05,18.81428781956455
20160816,25.4,25.4,25.1,25.15,1350668,34025528,831,-0.10,18.739775788595985
20160817,25.05,25.1,24.6,24.65,3845350,95295367,1817,-0.50,18.367215633753126
20160818,24.65,24.7,24.25,24.6,3021510,74096441,1257,-0.05,18.329959618268838
20160819,24.75,24.75,24.5,24.65,1639052,40434367,944,+0.05,18.367215633753126
20160822,24.65,24.65,24.3,24.35,1686476,41216528,987,-0.30,18.14367954084741
20160823,24.5,24.65,24.35,24.55,2713795,66403460,1212,+0.20,18.292703602784545
20160824,24.6,24.7,24.4,24.5,1983119,48624668,1152,-0.05,18.255447587300267
20160825,24.5,24.6,24.25,24.55,4078017,99409203,1492,+0.05,18.292703602784545
20160826,24.9,25.8,24.9,25.15,12529754,318633170,4932,+0.60,18.739775788595985
20160829,25.15,25.35,24.9,25.3,2899249,72898325,1478,+0.15,18.851543835048844
20160830,25.0,25.1,24.4,24.55,7184010,176895167,3291,-0.75,18.292703602784545
20160831,24.55,24.95,24.4,24.95,3518221,87022391,1887,+0.40,18.590751726658837
20160901,25.0,25.0,24.6,24.6,2260390,55873142,1090,-0.35,18.329959618268838
20160902,24.55,24.9,24.45,24.7,1803760,44384220,1016,+0.10,18.40447164923741
20160905,24.95,25.15,24.6,25.05,2291026,56870500,970,+0.35,18.665263757627407
20160906,25.0,25.1,24.85,25.0,1542779,38520413,779,-0.05,18.628007742143122
20160907,25.05,25.35,25.05,25.15,2431243,61302845,1153,+0.15,18.739775788595985
20160908,25.35,25.6,25.3,25.55,3619340,92233049,1647,+0.40,19.037823912470273
20160909,25.55,25.55,25.35,25.4,1546899,39333281,757,-0.15,18.926055866017414
20160910,24.9,25.05,24.85,25.0,1218614,30434750,576,-0.40,18.628007742143122
20160912,25.05,25.1,24.7,24.75,1623189,40374865,695,-0.25,18.441727664721697
20160913,24.85,25.1,24.45,24.55,1983800,48885628,902,-0.20,18.292703602784545
20160914,24.4,24.5,24.3,24.35,1118204,27293053,555,-0.20,18.14367954084741
20160919,24.65,25.15,24.6,25.1,2409124,60099556,1295,+0.75,18.702519773111693
20160920,25.2,25.45,25.05,25.2,2425103,61279042,1191,+0.10,18.777031804080274
20160921,25.3,25.35,25.1,25.3,2197539,55511679,1097,+0.10,18.851543835048844
20160922,25.4,25.4,25.0,25.1,3666807,92378309,1424,-0.20,18.702519773111693
20160923,25.4,25.6,25.25,25.45,6007062,152760527,2285,+0.35,18.9633118815017
20160926,24.6,24.8,24.55,24.6,2793598,68854350,1290,X0.00,19.07965121819803
20160929,24.7,24.7,24.4,24.45,2256772,55325170,849,-0.15,18.9633118815017
20160930,24.4,24.5,24.35,24.4,1418535,34624096,591,-0.05,18.92453210260292
20161003,24.45,24.65,24.4,24.45,859500,21050824,374,+0.05,18.9633118815017
20161004,24.45,25.35,24.4,25.05,4972277,124040009,1920,+0.60,19.428669228287013
20161005,25.05,25.25,25.0,25.05,2322166,58311236,981, 0.00,19.428669228287013
20161006,25.15,25.5,25.1,25.15,3141017,79398120,1344,+0.10,19.50622878608457
20161007,25.25,25.4,25.0,25.05,2197704,55238000,831,-0.10,19.428669228287013
20161011,25.0,25.0,23.8,24.1,4317587,104442938,2075,-0.95,18.691853429210266
20161012,24.05,24.15,23.7,23.95,2439994,58326503,1073,-0.15,18.575514092513934
20161013,23.95,24.45,23.9,24.0,1149058,27763797,595,+0.05,18.614293871412716
20161014,23.9,24.05,23.45,23.45,2020129,47811536,947,-0.55,18.18771630352617
20161017,23.5,23.8,23.2,23.55,1165358,27416095,631,+0.10,18.26527586132373
20161018,23.4,23.65,23.35,23.55,754307,17749993,382, 0.00,18.26527586132373
20161019,23.6,24.15,23.6,24.15,1741674,41767526,976,+0.60,18.73063320810904
20161020,24.15,24.3,23.95,24.0,814246,19615887,501,-0.15,18.614293871412716
20161021,24.0,24.1,23.8,23.85,1112343,26608512,455,-0.15,18.49795453471638
20161024,24.1,24.3,23.9,24.0,874198,21050687,463,+0.15,18.614293871412716
20161025,24.25,24.25,24.0,24.05,591698,14263928,391,+0.05,18.653073650311487
20161026,24.05,24.3,24.0,24.25,1223120,29625394,575,+0.20,18.808192765906597
20161027,24.25,24.35,24.05,24.1,1055250,25492650,408,-0.15,18.691853429210266
20161028,24.2,24.25,23.85,23.95,978547,23493889,458,-0.15,18.575514092513934
20161031,23.85,23.85,23.5,23.65,795724,18809050,378,-0.30,18.342835419121275
20161101,23.7,24.05,23.65,23.75,929783,22166163,518,+0.10,18.42039497691883
20161102,23.75,23.75,23.2,23.2,1694893,39720216,788,-0.55,17.99381740903229
20161103,23.2,23.45,23.1,23.1,1115327,25886148,628,-0.10,17.916257851234736
20161104,23.15,23.4,23.15,23.15,619203,14391196,324,+0.05,17.95503763013351
20161107,23.2,23.45,23.2,23.4,778237,18181168,389,+0.25,18.148936524627395
20161108,23.5,23.5,23.15,23.35,844651,19700983,359,-0.05,18.110156745728617
20161109,23.45,23.55,22.25,22.35,3059672,69526802,1106,-1.00,17.334561167753087
20161110,23.0,23.35,22.85,23.05,1758127,40595082,633,+0.70,17.877478072335954
20161111,23.2,23.2,22.65,23.05,1397537,32064051,733, 0.00,17.877478072335954
20161114,23.05,23.05,22.7,22.8,1859178,42420944,806,-0.25,17.68357917784208
20161115,22.75,23.0,22.75,22.9,927442,21230515,484,+0.10,17.761138735639626
20161116,23.0,23.25,22.65,22.9,2250381,51569713,943, 0.00,17.761138735639626
20161117,22.95,23.0,22.65,22.7,1403054,31883278,572,-0.20,17.60601962004452
20161118,22.9,23.1,22.75,23.05,1411279,32403193,661,+0.35,17.877478072335954
20161121,23.1,23.45,23.1,23.45,2078352,48446664,1029,+0.40,18.18771630352617
20161122,23.5,23.7,23.45,23.55,1748360,41207787,881,+0.10,18.26527586132373
20161123,23.65,23.9,23.65,23.85,2072246,49324575,880,+0.30,18.49795453471638
20161124,23.8,23.9,23.5,23.55,1352209,32024880,510,-0.30,18.26527586132373
20161125,23.65,23.75,23.5,23.6,1004881,23686251,408,+0.05,18.304055640222504
20161128,23.7,24.2,23.7,24.1,2127939,51165328,1031,+0.50,18.691853429210266
20161129,24.15,24.45,24.05,24.35,2026329,49225475,998,+0.25,18.885752323704153
20161130,24.35,24.55,24.05,24.15,2949248,71857009,1085,-0.20,18.73063320810904
20161201,24.45,24.45,24.0,24.25,1475490,35719455,669,+0.10,18.808192765906597
20161202,24.4,24.7,24.3,24.4,2389988,58596803,1270,+0.15,18.92453210260292
20161205,24.45,24.7,24.4,24.5,1942224,47730236,928,+0.10,19.002091660400477
20161206,24.8,24.95,24.7,24.8,2476994,61478548,1055,+0.30,19.234770333793133
20161207,25.05,25.2,24.9,25.15,2699508,67617900,1018,+0.35,19.50622878608457
20161208,25.3,25.35,24.9,24.9,2720518,68308622,1023,-0.25,19.31232989159069
20161209,25.3,26.2,25.2,25.2,11689840,300386561,4085,+0.30,19.54500856498335
20161212,25.5,25.7,25.1,25.15,4338222,110033518,1601,-0.05,19.50622878608457
20161213,25.15,25.75,25.15,25.6,3201988,81582990,1465,+0.45,19.855246796173564
20161214,25.7,25.75,25.4,25.5,2317445,59094002,1257,-0.10,19.777687238376004
20161215,25.4,25.7,25.3,25.4,1785578,45495279,1024,-0.10,19.70012768057845
20161216,25.6,25.6,25.35,25.5,1583072,40316185,955,+0.10,19.777687238376004
20161219,25.5,25.6,24.8,24.9,2411742,60503583,1298,-0.60,19.31232989159069
20161220,24.9,25.0,24.7,24.9,1981829,49281889,888, 0.00,19.31232989159069
20161221,25.05,25.35,25.05,25.3,1254572,31677961,655,+0.40,19.6225681227809
20161222,25.4,25.4,25.05,25.2,911483,22932720,413,-0.10,19.54500856498335
20161223,25.1,25.2,24.8,24.85,1232610,30768994,605,-0.35,19.27355011269191
20161226,24.85,25.0,24.7,25.0,854917,21238381,433,+0.15,19.389889449388246
20161227,25.15,25.15,24.85,24.85,668732,16664061,409,-0.15,19.27355011269191
20161228,24.85,25.05,24.85,24.9,592401,14772083,283,+0.05,19.31232989159069
20161229,24.9,25.3,24.85,25.05,954014,23900650,527,+0.15,19.428669228287013
20161230,25.25,25.35,25.0,25.1,1211712,30461182,603,+0.05,19.4674490071858
20170103,25.1,25.5,25.1,25.35,2443250,61926183,1119,+0.25,19.661347901679687
20170104,25.35,25.35,25.1,25.15,1074432,27101111,559,-0.20,19.50622878608457
20170105,25.2,25.3,25.05,25.25,1196128,30096623,598,+0.10,19.58378834388213
20170106,25.3,25.4,25.15,25.25,1690571,42716836,778, 0.00,19.58378834388213
20170109,25.3,25.75,25.3,25.45,4223353,107924843,1689,+0.20,19.73890745947723
20170110,25.45,25.55,24.95,25.05,2104113,52868529,1020,-0.40,19.428669228287013
20170111,25.05,25.15,24.6,24.6,1986159,49251783,929,-0.45,19.07965121819803
20170112,24.6,24.85,24.5,24.6,1249303,30779597,655, 0.00,19.07965121819803
20170113,24.6,24.8,24.4,24.8,1634055,40192352,766,+0.20,19.234770333793133
20170116,25.05,25.05,24.5,24.7,2614220,64585291,836,-0.10,19.157210775995583
20170117,24.9,24.95,24.75,24.9,3825340,95024742,1137,+0.20,19.31232989159069
20170118,24.9,24.9,24.55,24.7,1369736,33797711,718,-0.20,19.157210775995583
20170119,24.65,24.8,24.55,24.6,1215497,29985822,702,-0.10,19.07965121819803
20170120,24.75,24.75,24.6,24.7,877238,21627190,422,+0.10,19.157210775995583
20170123,24.7,24.8,24.65,24.7,990349,24471134,539, 0.00,19.157210775995583
20170124,24.7,24.75,24.6,24.7,908455,22418035,453, 0.00,19.157210775995583
20170202,24.7,24.9,24.55,24.6,1121229,27690771,640,-0.10,19.07965121819803
20170203,24.7,25.15,24.6,25.1,2503410,62366722,1275,+0.50,19.4674490071858
20170206,25.2,25.3,25.05,25.1,2367171,59529075,902, 0.00,19.4674490071858
20170207,25.2,25.3,25.0,25.3,1968620,49510489,1132,+0.20,19.6225681227809
20170208,25.4,25.45,25.2,25.25,2035791,51598569,1015,-0.05,19.58378834388213
20170209,25.15,25.15,24.9,24.9,1990887,49759427,963,-0.35,19.31232989159069
20170210,24.95,25.1,24.9,24.9,1473499,36804662,819, 0.00,19.31232989159069
20170213,24.95,25.2,24.9,25.0,1533951,38394255,690,+0.10,19.389889449388246
20170214,25.15,27.1,25.0,27.1,17744561,464347247,6600,+2.10,21.01864016313686
20170215,26.7,26.95,26.25,26.3,10630234,282167262,4606,-0.80,20.398163700756427
20170216,26.45,27.1,26.15,26.15,9327433,247833513,3805,-0.15,20.281824364060103
20170217,26.5,26.8,26.15,26.65,5361040,142103743,2330,+0.50,20.66962215304786
20170218,26.65,27.3,26.5,26.9,8157138,220160349,3155,+0.25,20.86352104754175
20170220,26.85,27.55,26.55,26.55,8326437,225604446,3406,-0.35,20.592062595250308
20170221,26.7,26.8,26.05,26.2,2915928,76796301,1326,-0.35,20.320604142958874
20170222,26.3,26.45,26.15,26.3,1880431,49438427,825,+0.10,20.398163700756427
20170223,26.55,26.7,26.15,26.4,2607735,69135722,1342,+0.10,20.47572325855398
20170224,26.4,26.55,26.2,26.3,1804153,47515346,985,-0.10,20.398163700756427
20170301,26.3,26.35,25.75,25.85,3576939,92985932,1430,-0.45,20.04914569066744
20170302,26.0,26.15,25.6,25.8,2294443,59165522,1049,-0.05,20.01036591176867
20170303,26.0,26.85,25.75,26.55,5354540,141981401,2687,+0.75,20.592062595250308
20170306,26.55,27.0,26.55,26.85,4384695,117816412,2117,+0.30,20.82474126864298
20170307,27.0,27.05,26.65,26.65,1946249,52077953,967,-0.20,20.66962215304786
20170308,26.65,27.15,26.6,26.75,3937434,105869472,1831,+0.10,20.747181710845418
20170309,26.6,26.85,26.3,26.8,2311645,61590820,1145,+0.05,20.785961489744192
20170310,26.8,26.85,26.2,26.4,2264773,59851222,994,-0.40,20.47572325855398
20170313,26.6,27.4,26.45,27.1,6925935,186852045,2568,+0.70,21.01864016313686
20170314,27.35,27.35,26.9,27.05,3913612,106131824,1899,-0.05,20.979860384238084
20170315,27.05,28.25,27.0,27.65,14093705,392385220,5541,+0.60,21.445217731023394
20170316,27.6,27.8,27.25,27.45,4753430,130773445,2117,-0.20,21.29009861542829
20170317,27.9,27.9,27.3,27.3,3033694,83518051,1348,-0.15,21.173759278731957
20170320,27.35,27.35,27.05,27.05,2687997,72998345,1290,-0.25,20.979860384238084
20170321,27.15,27.95,27.15,27.2,5468974,150721791,2275,+0.15,21.096199720934408
20170322,27.0,27.1,26.65,26.85,2819449,75786246,1339,-0.35,20.82474126864298
20170323,27.05,27.3,26.7,26.8,3563577,96006450,1508,-0.05,20.785961489744192
20170324,26.8,27.0,26.3,26.35,3407852,90514952,1411,-0.45,20.43694347965521
20170327,26.2,26.65,25.8,25.8,2834642,74160876,1565,-0.55,20.01036591176867
20170328,25.9,26.35,25.4,25.95,4081303,105748838,1778,+0.15,20.126705248464997
20170329,26.4,26.45,26.05,26.3,3224343,84656510,1457,+0.35,20.398163700756427
20170330,26.45,26.45,26.2,26.25,1559700,41005209,862,-0.05,20.359383921857656
20170331,26.3,26.45,26.15,26.15,1361936,35749017,712,-0.10,20.281824364060103
20170405,26.55,27.15,26.35,26.65,6175360,165499070,2882,+0.50,20.66962215304786
20170406,26.55,26.6,26.2,26.25,2934295,77306394,1571,-0.40,20.359383921857656
20170407,26.25,26.5,25.75,25.85,2988807,77571418,1427,-0.40,20.04914569066744
20170410,25.85,25.9,25.25,25.4,4226088,107506996,1816,-0.45,19.70012768057845
20170411,25.4,25.7,25.2,25.25,1812167,45994266,851,-0.15,19.58378834388213
20170412,25.25,25.4,24.85,25.0,2410092,60222950,1094,-0.25,19.389889449388246
20170413,24.9,25.5,24.9,25.45,3029678,76659487,1257,+0.45,19.73890745947723
20170414,25.3,25.3,24.7,24.75,2293183,57035908,1061,-0.70,19.19599055489436
20170417,24.75,24.95,24.4,24.55,1680311,41325186,687,-0.20,19.040871439299256
20170418,24.7,25.1,24.7,25.05,1424754,35478908,618,+0.50,19.428669228287013
20170419,25.05,25.2,24.65,24.7,3164240,79092659,1371,-0.35,19.157210775995583
20170420,24.7,24.95,24.6,24.6,1613392,39858199,748,-0.10,19.07965121819803
20170421,24.8,25.0,24.75,24.75,982908,24450220,522,+0.15,19.19599055489436
20170424,24.9,25.45,24.8,24.85,1849479,46366475,862,+0.10,19.27355011269191
20170425,24.95,25.25,24.85,24.9,1327498,33059244,576,+0.05,19.31232989159069
20170426,25.2,25.25,24.95,24.95,1362393,34167063,739,+0.05,19.35110967048946
20170427,25.05,25.1,24.95,25.0,1061913,26573325,516,+0.05,19.389889449388246
20170428,25.2,25.4,25.0,25.1,1308974,32912050,676,+0.10,19.4674490071858
20170502,25.2,25.3,25.0,25.15,877467,22072596,475,+0.05,19.50622878608457
20170503,25.25,25.45,25.05,25.05,1454372,36754358,688,-0.10,19.428669228287013
20170504,25.15,25.25,25.0,25.05,1052153,26381679,471, 0.00,19.428669228287013
20170505,25.1,25.1,24.6,24.6,2075985,51503126,880,-0.45,19.07965121819803
20170508,24.75,25.6,24.75,25.35,4346294,109946155,2037,+0.75,19.661347901679687
20170509,25.35,25.5,24.8,24.85,1969550,49336613,917,-0.50,19.27355011269191
20170510,25.0,25.1,24.85,25.0,779614,19452750,434,+0.15,19.389889449388246
20170511,25.5,25.95,25.45,25.6,6519119,167701025,2729,+0.60,19.855246796173564
20170512,25.6,26.15,25.45,25.95,6597941,170668721,2787,+0.35,20.126705248464997
20170515,26.0,26.05,25.6,25.9,3621131,93617327,1606,-0.05,20.08792546956622
20170516,26.05,26.45,26.0,26.0,5681680,148819380,2589,+0.10,20.165485027363765
20170517,25.9,26.05,25.6,25.8,2058362,53038481,1059,-0.20,20.01036591176867
20170518,25.45,25.7,25.4,25.55,1364000,34856145,681,-0.25,19.81646701727478
20170519,25.75,25.75,25.5,25.5,1182365,30268757,529,-0.05,19.777687238376004
20170522,25.75,25.95,25.5,25.95,2052402,52726366,808,+0.45,20.126705248464997
20170523,26.1,26.25,25.55,25.6,6397064,166259784,2398,-0.35,19.855246796173564
20170524,25.6,25.7,25.5,25.55,1870332,47846264,980,-0.05,19.81646701727478
20170525,25.7,26.1,25.65,26.0,2851878,73756141,1172,+0.45,20.165485027363765
20170526,26.2,26.65,26.2,26.3,11477611,303190862,4273,+0.30,20.398163700756427
20170531,26.3,26.35,25.75,25.8,3674910,95324920,1630,-0.50,20.01036591176867
20170601,25.9,26.1,25.8,25.9,1640069,42516585,752,+0.10,20.08792546956622
20170602,25.9,26.1,25.9,25.9,1829101,47559511,868, 0.00,20.08792546956622
20170603,25.95,26.1,25.8,25.85,1151313,29806572,495,-0.05,20.04914569066744
20170605,26.0,26.05,25.7,25.85,1907525,49248239,811, 0.00,20.04914569066744
20170606,25.95,26.15,25.9,26.05,1900734,49511944,919,+0.20,20.204264806262547
20170607,26.0,26.4,25.9,26.3,3552268,93072153,1441,+0.25,20.398163700756427
20170608,26.1,26.2,25.8,25.8,3041512,78825053,1390,-0.50,20.01036591176867
20170609,25.85,26.05,25.65,25.7,2105499,54338572,864,-0.10,19.932806353971117
20170612,25.7,26.05,25.65,25.75,1936090,50169405,832,+0.05,19.971586132869888
20170613,26.1,26.15,25.95,25.95,2118559,55139302,949,+0.20,20.126705248464997
20170614,26.05,26.5,25.95,26.0,5640803,147785636,2349,+0.05,20.165485027363765
20170615,26.15,26.7,26.05,26.7,9507387,251453428,3686,+0.70,20.708401931946643
20170616,26.6,27.0,26.5,26.7,12314757,329724581,4483, 0.00,20.708401931946643
20170619,26.7,26.8,26.35,26.45,4299196,113886526,1948,-0.25,20.51450303745276
20170620,26.55,26.6,26.3,26.3,2909724,76828287,1150,-0.15,20.398163700756427
20170621,26.55,26.9,26.35,26.85,7752871,207298496,2751,+0.55,20.82474126864298
20170622,27.0,27.25,26.6,26.6,5702560,153256888,2069,-0.25,20.63084237414909
20170623,26.6,26.75,26.4,26.4,1999036,52966741,958,-0.20,20.47572325855398
20170626,26.5,26.75,26.5,26.75,2518386,67138461,1032,+0.35,20.747181710845418
20170627,26.8,26.8,26.5,26.7,2651992,70670781,972,-0.05,20.708401931946643
20170628,26.6,26.7,26.4,26.4,2746996,72816789,1225,-0.30,20.47572325855398
20170629,26.7,26.7,26.4,26.55,2663356,70609964,966,+0.15,20.592062595250308
20170630,26.5,26.9,26.4,26.65,6131877,163523769,2207,+0.10,20.66962215304786
20170703,26.65,26.65,26.4,26.45,1856502,49167273,823,-0.20,20.51450303745276
20170704,26.5,26.6,26.3,26.3,2056175,54357232,769,-0.15,20.398163700756427
20170705,26.45,26.45,26.25,26.45,1337138,35238446,622,+0.15,20.51450303745276
20170706,26.5,26.65,26.4,26.6,1356039,35926132,541,+0.15,20.63084237414909
20170707,26.6,26.6,26.2,26.2,1452602,38222971,706,-0.40,20.320604142958874
20170710,26.3,26.4,25.7,25.75,3264218,84700158,1188,-0.45,19.971586132869888
20170711,25.9,26.05,25.85,26.0,1269344,32954439,560,+0.25,20.165485027363765
20170712,25.9,26.3,25.9,26.1,1172501,30582326,482,+0.10,20.243044585161325
20170713,26.15,26.2,25.9,25.95,1657212,43091535,750,-0.15,20.126705248464997
20170714,26.0,26.05,25.8,25.9,1503343,38963376,711,-0.05,20.08792546956622
20170717,26.0,26.1,25.9,26.0,765528,19911028,385,+0.10,20.165485027363765
20170718,26.0,26.4,26.0,26.4,1527352,40017704,667,+0.40,20.47572325855398
20170719,26.3,26.45,26.15,26.3,1550627,40755425,715,-0.10,20.398163700756427
20170720,26.35,26.35,26.1,26.1,979030,25644530,455,-0.20,20.243044585161325
20170721,26.1,26.15,25.95,26.0,955991,24866116,457,-0.10,20.165485027363765
20170724,26.0,26.25,25.9,25.95,713473,18572248,392,-0.05,20.126705248464997
20170725,26.1,26.15,25.95,26.15,942733,24566708,469,+0.20,20.281824364060103
20170726,26.3,26.45,26.15,26.15,1758154,46249861,918, 0.00,20.281824364060103
20170727,26.15,26.65,26.15,26.5,2745860,72604706,1163,+0.35,20.55328281635154
20170728,26.6,26.85,26.25,26.25,5059436,134614975,2304,-0.25,20.359383921857656
20170731,26.3,26.6,26.2,26.45,1535521,40531425,682,+0.20,20.51450303745276
20170801,26.45,26.55,26.35,26.4,1459409,38579694,651,-0.05,20.47572325855398
20170802,26.5,26.55,26.3,26.3,1692206,44675782,684,-0.10,20.398163700756427
20170803,26.35,26.8,26.15,26.5,3360483,89257845,1278,+0.20,20.55328281635154
20170804,26.75,27.05,26.6,26.95,6473778,173989398,2676,+0.45,20.902300826440527
20170807,27.25,27.7,27.1,27.1,8431189,230972203,3362,+0.15,21.01864016313686
20170808,27.15,27.25,26.6,26.6,4021891,107808141,1497,-0.50,20.63084237414909
20170809,26.7,26.75,26.25,26.25,2891878,76322711,1184,-0.35,20.359383921857656
20170810,26.35,26.4,25.8,26.15,4181362,108685469,1488,-0.10,20.281824364060103
20170811,26.15,26.25,25.8,25.85,6582482,171543332,1737,-0.30,20.04914569066744
20170814,25.85,25.9,24.7,24.7,4674848,117749764,2026,-1.15,19.157210775995583
20170815,25.15,25.35,25.05,25.35,1873341,47213542,917,+0.65,19.661347901679687
20170816,25.35,25.6,25.05,25.4,1169830,29646630,663,+0.05,19.70012768057845
20170817,25.55,25.85,25.45,25.65,1174618,30148607,727,+0.25,19.894026575072328
20170818,25.3,25.85,25.3,25.65,1000428,25546318,604, 0.00,19.894026575072328
20170821,25.8,26.75,25.7,26.55,5182060,136705385,2574,+0.90,20.592062595250308
20170822,26.6,26.7,26.1,26.2,2553370,67408759,1227,-0.35,20.320604142958874
20170823,26.4,26.8,26.15,26.55,4722016,125299767,1890,+0.35,20.592062595250308
20170824,26.7,27.05,26.6,26.7,5044079,135532802,2121,+0.15,20.708401931946643
20170825,27.0,27.0,26.65,26.8,2593784,69500268,1067,+0.10,20.785961489744192
20170828,27.0,27.1,26.8,26.95,2604665,70157382,1056,+0.15,20.902300826440527
20170829,27.05,27.35,27.0,27.0,4989816,135331793,1778,+0.05,20.941080605339298
20170830,27.5,27.5,27.2,27.25,4576745,125069335,1969,+0.25,21.134979499833182
20170831,27.45,27.5,27.25,27.35,4310501,118002397,1605,+0.10,21.212539057630735
20170901,27.5,28.1,27.5,27.85,10601826,295189316,4037,+0.50,21.600336846618504
20170904,27.75,28.75,27.75,28.0,11074846,313024794,4507,+0.15,21.716676183314828
20170905,28.45,28.7,28.15,28.5,6595384,187148846,2807,+0.50,22.104473972302593
20170906,28.65,28.85,27.7,28.3,6806830,192369326,2752,-0.20,21.94935485670749
20170907,28.4,28.55,27.9,28.1,3876995,109188047,1750,-0.20,21.79423574111238
20170908,28.3,28.35,28.0,28.2,3033507,85539716,1159,+0.10,21.871795298909937
20170911,28.4,28.9,28.25,28.9,6885118,197068586,2838,+0.70,22.4147122034928
20170912,29.35,29.5,28.4,28.5,8586903,249260041,3482,-0.40,22.104473972302593
20170913,28.55,28.7,28.1,28.6,3440923,97801289,1654,+0.10,22.182033530100153
20170914,28.7,28.7,28.35,28.45,2453472,69939197,1072,-0.15,22.065694193403818
20170915,28.6,28.65,27.85,28.0,4538298,127748394,2077,-0.45,21.716676183314828
20170918,28.25,28.65,28.0,28.45,4136753,117475723,1715,+0.45,22.065694193403818
20170919,28.6,28.7,28.1,28.1,3586978,101791125,1471,-0.35,21.79423574111238
20170920,28.0,28.1,27.55,27.65,3696212,102670205,1864,-0.45,21.445217731023394
20170921,27.7,28.05,27.7,27.9,1694133,47311102,746,+0.25,21.639116625517275
20170922,28.1,28.1,27.6,27.65,2359295,65573568,1095,-0.25,21.445217731023394
20170925,27.9,27.9,27.1,27.2,3059985,83471735,1446,-0.45,21.096199720934408
20170926,27.2,27.3,26.65,26.7,3523600,95076659,1606,-0.50,20.708401931946643
20170927,26.8,27.25,26.8,27.15,5346620,144584747,1831,+0.45,21.057419942035626
20170928,26.25,26.4,26.0,26.1,3391606,88754765,1383,X0.00,21.179139132452026
20170929,26.1,26.1,25.45,25.6,3654218,93578431,1490,-0.50,20.77340849773072
20170930,25.85,26.0,25.8,25.85,962045,24914060,463,+0.25,20.97627381509137
20171002,26.1,26.35,25.8,26.3,1629574,42616480,864,+0.45,21.341431386340545
20171003,26.4,26.55,26.2,26.2,1830740,48251522,826,-0.10,21.260285259396284
20171005,26.4,26.8,26.2,26.6,2996030,79637596,1497,+0.40,21.584869767173327
20171006,27.0,27.1,26.8,27.0,3330118,89644236,1530,+0.40,21.909454274950367
20171011,27.4,27.45,27.0,27.2,4089445,111350898,1546,+0.20,22.07174652883889
20171012,27.4,27.45,27.05,27.1,2368400,64435716,980,-0.10,21.990600401894632
20171013,27.2,27.5,27.1,27.5,3171758,86646690,1375,+0.40,22.31518490967167
20171016,27.7,27.8,27.45,27.5,4123485,113845035,1795, 0.00,22.31518490967167
20171017,27.7,28.15,27.45,27.5,9996824,277861409,3468, 0.00,22.31518490967167
20171018,27.75,28.15,27.3,28.1,5620781,155957895,2288,+0.60,22.802061671337228
20171019,28.45,29.0,28.3,28.55,14075919,402504792,5195,+0.45,23.16721924258641
20171020,28.3,28.5,28.05,28.15,3170095,89423020,1426,-0.40,22.842634734809366
20171023,28.35,28.7,28.3,28.4,2584897,73524631,1303,+0.25,23.045500052170016
20171024,28.55,29.0,28.4,28.5,4106105,117799921,1789,+0.10,23.126646179114275
20171025,28.5,28.7,28.0,28.0,3947408,111263024,1684,-0.50,22.72091554439297
20171026,28.0,28.85,28.0,28.85,6185920,177175980,2322,+0.85,23.410657623419183
20171027,30.0,30.9,28.45,28.45,25092464,752551786,9918,-0.40,23.086073115642147
20171030,28.55,28.9,27.55,28.1,5609418,157986238,2226,-0.35,22.802061671337228
20171031,28.3,28.8,28.05,28.6,3077363,87718838,1378,+0.50,23.207792306058533
20171101,28.75,28.85,28.5,28.6,2024319,57910617,905, 0.00,23.207792306058533
20171102,28.5,28.65,28.25,28.4,1849926,52591694,871,-0.20,23.045500052170016
20171103,28.55,29.3,28.45,28.85,6099355,176568182,2378,+0.45,23.410657623419183
20171106,29.15,30.15,28.95,30.1,8974713,265896590,3757,+1.25,24.424984210222448
20171107,30.3,30.55,29.7,29.9,5672659,169965098,2622,-0.20,24.26269195633392
20171108,29.95,29.95,29.3,29.5,4042119,119644252,1883,-0.40,23.938107448556885
20171109,30.0,30.3,29.3,29.4,5686676,169526269,2257,-0.10,23.856961321612626
20171110,29.35,29.5,28.9,29.25,3470024,101425156,1438,-0.15,23.73524213119623
20171113,29.2,29.25,28.55,28.55,3952723,114000701,1736,-0.70,23.16721924258641
20171114,28.45,28.55,27.8,28.35,4365404,122947599,1589,-0.20,23.00492698869789
20171115,28.25,28.4,28.05,28.4,1861818,52505726,931,+0.05,23.045500052170016
20171116,28.2,28.95,28.2,28.45,4316693,123309151,1625,+0.05,23.086073115642147
20171117,28.55,29.45,28.5,29.25,4528098,131069203,2029,+0.80,23.73524213119623
20171120,29.25,29.25,28.7,28.85,2287565,66103235,1001,-0.40,23.410657623419183
20171121,28.85,29.4,28.8,29.4,3928204,114525762,1656,+0.55,23.856961321612626
20171122,29.2,29.25,28.55,28.6,5169613,148968736,2215,-0.80,23.207792306058533
20171123,30.05,31.45,29.8,31.45,37493660,1150944820,11233,+2.85,25.520456923969967
20171124,31.8,33.05,30.65,31.05,54594143,1748266764,19669,-0.40,25.195872416192923
20171127,31.1,32.8,30.8,32.5,29581469,949081496,11437,+1.45,26.3724912568847
20171128,34.05,35.75,33.65,35.75,49775807,1737801634,20269,+3.25,29.009740382573177
20171129,35.8,38.3,35.2,37.8,57327059,2120449911,24475,+2.05,30.673235984930518
20171130,36.55,37.5,35.45,36.0,33364586,1207832446,14332,-1.80,29.21260569993382
20171201,35.55,36.6,32.4,32.8,35925265,1233498074,14894,-3.20,26.61592963771748
20171204,33.45,34.3,33.05,33.15,18493665,623216027,8234,+0.35,26.899941082022394
20171205,33.25,34.1,31.0,31.7,20433143,663584942,8494,-1.45,25.72332224133061
20171206,32.5,33.35,31.8,32.65,19161223,624648641,8539,+0.95,26.494210447301086
20171207,32.85,33.15,31.4,31.55,12397438,396070138,5270,-1.10,25.601603050914232
20171208,32.0,32.3,31.05,31.9,8343868,265467446,3930,+0.35,25.885614495219137
20171211,32.6,33.55,31.9,33.2,11724866,385370160,5697,+1.30,26.940514145494532
20171212,33.3,33.3,31.95,32.0,8831967,287569644,3848,-1.20,25.9667606221634
20171213,32.0,32.25,31.5,31.6,6105991,194218562,2631,-0.40,25.642176114386356
20171214,32.4,33.85,32.0,32.95,19757489,653474178,9096,+1.35,26.737648828133878
20171215,32.5,32.7,31.75,32.0,9000445,288977029,4169,-0.95,25.9667606221634
20171218,32.1,32.4,31.8,31.9,4105026,131480317,2081,-0.10,25.885614495219137
20171219,32.15,32.35,30.3,30.55,13138948,407352754,6659,-1.35,24.79014178147162
20171220,31.0,31.5,30.85,31.0,6372256,198453144,3206,+0.45,25.15529935272079
20171221,31.3,31.7,31.05,31.2,5705778,179450840,2656,+0.20,25.31759160660931
20171222,31.3,31.35,30.5,30.75,3967108,122007665,2029,-0.45,24.952434035360138
20171225,30.3,31.85,30.2,31.3,7632643,237844771,3635,+0.55,25.398737733553574
20171226,31.65,32.1,31.05,31.1,10021846,316104242,4177,-0.20,25.23644547966505
20171227,31.1,31.75,30.85,31.45,6592572,206149681,2684,+0.35,25.520456923969967
20171228,31.75,32.25,31.5,31.95,7984065,254407013,3395,+0.50,25.926187558691268
20171229,32.2,33.1,32.15,32.4,14851715,484633056,6657,+0.45,26.29134512994044
20180102,32.65,33.5,32.45,33.5,9032655,297327500,3962,+1.10,27.18395252632731
20180103,33.8,34.3,32.3,32.55,13603876,451752448,6310,-0.95,26.41306432035683
20180104,32.6,32.7,32.05,32.2,5978323,193035748,3057,-0.35,26.129052876051926
20180105,32.45,32.7,32.15,32.3,4604631,149361058,2262,+0.10,26.21019900299618
20180108,32.4,32.45,31.0,31.0,7565581,237679661,3949,-1.30,25.15529935272079
20180109,31.1,31.6,30.85,31.3,3878685,121361331,1772,+0.30,25.398737733553574
20180110,31.0,31.3,30.2,30.2,8078322,246637849,3488,-1.10,24.50613033716671
20180111,30.2,30.2,29.5,29.9,5259127,156864510,2399,-0.30,24.26269195633392
20180112,30.35,30.9,30.3,30.65,4394033,134758060,2112,+0.75,24.871287908415884
20180115,31.0,31.3,30.8,31.0,2693459,83436829,1458,+0.35,25.15529935272079
20180116,31.2,31.4,30.9,30.95,2557362,79425578,1358,-0.05,25.114726289248665
20180117,31.0,31.1,30.55,30.6,2980177,91560457,1592,-0.35,24.830714844943746
20180118,30.8,30.9,30.3,30.3,2704390,82551440,1421,-0.30,24.587276464110968
20180119,30.55,30.65,30.1,30.3,1567237,47586224,907, 0.00,24.587276464110968
20180122,30.4,30.45,30.05,30.25,1819061,55076490,1006,-0.05,24.546703400638833
20180123,30.3,30.95,30.1,30.65,3037857,93026271,1579,+0.40,24.871287908415884
20180124,30.7,30.9,30.45,30.85,2270386,69783275,1176,+0.20,25.033580162304403
20180125,30.85,31.8,30.7,31.0,6605301,206925581,3130,+0.15,25.15529935272079
20180126,30.9,32.4,30.9,31.6,13357087,426061389,5929,+0.60,25.642176114386356
20180129,31.6,31.8,30.8,30.9,5469583,169910303,2700,-0.70,25.074153225776534
20180130,30.7,30.75,30.1,30.2,4419230,134226053,2140,-0.70,24.50613033716671
20180131,30.0,31.2,29.9,30.95,5594661,171996935,2639,+0.75,25.114726289248665
20180201,31.2,31.4,30.5,30.55,2873320,88682820,1436,-0.40,24.79014178147162
20180202,30.35,30.65,30.25,30.3,1932978,58697626,966,-0.25,24.587276464110968
20180205,29.5,29.85,29.4,29.85,2370325,70242080,1215,-0.45,24.222118892861797
20180206,29.0,29.05,26.9,27.0,8845035,245915189,3722,-2.85,21.909454274950367
20180207,27.9,28.3,27.65,27.65,3841267,107152130,1769,+0.65,22.43690410008806
20180208,27.6,27.85,27.15,27.3,2039224,55793758,1099,-0.35,22.15289265578315
20180209,25.8,26.8,25.8,26.6,3247886,85401393,1440,-0.70,21.584869767173327
20180212,27.0,27.2,26.8,26.9,1584734,42754139,903,+0.30,21.828308148006105
20180221,27.8,28.2,27.5,28.1,2439961,68201099,1266,+1.20,22.802061671337228
20180222,27.85,28.4,27.8,28.15,1520071,42761904,869,+0.05,22.842634734809366
20180223,28.25,30.35,28.05,29.7,8697662,256029419,4115,+1.55,24.1003997024454
20180226,29.45,29.7,29.0,29.25,3869801,113217453,2066,-0.45,23.73524213119623
20180227,29.45,30.5,29.3,29.55,6357559,190346373,3046,+0.30,23.978680512029015
20180301,29.3,30.05,29.25,30.05,2817657,83911675,1500,+0.50,24.384411146750313
20180302,29.6,29.8,29.45,29.7,1566122,46430929,922,-0.35,24.1003997024454
20180305,29.9,30.45,29.5,29.5,2206597,65892013,1303,-0.20,23.938107448556885
20180306,29.8,30.2,29.5,29.9,4940755,147619800,2053,+0.40,24.26269195633392
20180307,29.85,30.1,29.45,29.5,1779600,52970366,1019,-0.40,23.938107448556885
20180308,29.5,29.9,29.5,29.7,1537578,45680954,841,+0.20,24.1003997024454
20180309,30.0,30.35,29.8,29.8,2875945,86476957,1508,+0.10,24.181545829389663
20180312,30.3,30.3,29.75,29.8,1891454,56539119,1052, 0.00,24.181545829389663
20180313,29.85,30.65,29.8,30.2,4061147,122868913,2151,+0.40,24.50613033716671
20180314,30.2,30.95,30.15,30.7,4308345,131963227,2270,+0.50,24.91186097188801
20180315,30.65,30.95,30.5,30.8,2980796,91637026,1469,+0.10,24.993007098832276
20180316,31.0,31.1,30.25,30.25,3459651,106148487,1742,-0.55,24.546703400638833
20180319,30.45,30.7,30.05,30.35,3010590,91533320,1344,+0.10,24.627849527583095
20180320,30.2,30.5,30.05,30.2,1486723,44965282,808,-0.15,24.50613033716671
20180321,30.35,30.9,30.2,30.5,3456315,105863553,1566,+0.30,24.749568717999484
20180322,30.85,31.2,30.2,30.3,4711998,144981933,2470,-0.20,24.587276464110968
20180323,29.25,29.5,28.85,29.0,3682444,107374406,1888,-1.30,23.532376813835583
20180326,28.8,29.3,28.7,29.1,1277358,37010013,756,+0.10,23.61352294077984
20180327,29.5,29.6,29.35,29.45,1502259,44310810,695,+0.35,23.89753438508475
20180328,29.3,29.35,28.9,29.0,1125772,32766638,585,-0.45,23.532376813835583
20180329,29.0,29.35,29.0,29.1,804277,23462988,457,+0.10,23.61352294077984
20180330,29.45,30.75,29.3,29.9,5414554,163599474,2670,+0.80,24.26269195633392
20180331,29.9,29.95,29.5,29.6,912579,27038071,536,-0.30,24.019253575501143
20180402,29.6,29.7,29.3,29.3,1319736,38860446,729,-0.30,23.775815194668365
20180403,29.1,29.2,28.85,29.0,1164520,33792670,668,-0.30,23.532376813835583
20180409,29.15,29.2,28.8,28.85,1021577,29547348,529,-0.15,23.410657623419183
20180410,29.2,29.2,28.9,28.9,874093,25326654,531,+0.05,23.45123068689132
20180411,29.0,29.45,28.8,28.8,1160513,33691051,611,-0.10,23.37008455994706
20180412,28.85,29.05,28.4,28.6,1788009,51097501,825,-0.20,23.207792306058533
20180413,28.75,29.0,28.7,28.7,1149871,33179032,598,+0.10,23.288938433002794
20180416,28.7,28.8,28.35,28.35,969881,27665970,563,-0.35,23.00492698869789
20180417,28.4,28.6,27.6,27.7,1620225,45323049,816,-0.65,22.47747716356019
20180418,27.95,28.0,27.25,27.35,1600643,44161582,1063,-0.35,22.19346571925528
20180419,27.4,28.3,27.3,28.0,1723104,48050012,953,+0.65,22.72091554439297
20180420,27.8,28.1,27.7,27.9,603364,16837382,387,-0.10,22.639769417448708
20180423,27.9,28.0,27.2,27.3,1262544,34682266,604,-0.60,22.15289265578315
20180424,27.3,27.4,26.1,26.25,2602931,68855370,1327,-1.05,21.30085832286841
20180425,26.0,26.85,25.9,26.8,1581748,41745593,801,+0.55,21.74716202106184
20180426,26.9,27.1,26.05,26.1,1379306,36515296,679,-0.70,21.179139132452026
20180427,26.45,26.5,26.05,26.2,980702,25719530,584,+0.10,21.260285259396284
20180430,26.3,27.25,26.2,27.05,1800657,48310702,963,+0.85,21.9500273384225
20180502,27.05,27.15,26.7,27.05,932633,25174929,607, 0.00,21.9500273384225
20180503,27.0,27.05,26.7,26.85,647504,17413407,468,-0.20,21.787735084533978
20180504,27.1,27.3,27.0,27.2,797200,21614529,466,+0.35,22.07174652883889
20180507,27.4,28.2,27.35,28.0,4187461,116681110,1856,+0.80,22.72091554439297
20180508,28.35,28.75,28.1,28.2,2520985,71644175,1393,+0.20,22.883207798281493
20180509,28.05,28.2,27.7,28.1,1753453,48944909,1085,-0.10,22.802061671337228
20180510,28.2,28.95,28.15,28.5,6483138,185807432,2338,+0.40,23.126646179114275
20180511,28.2,28.25,27.75,27.75,2846099,79661664,1394,-0.75,22.518050227032322
20180514,27.7,28.2,27.65,27.95,1497776,41669019,788,+0.20,22.68034248092084
20180515,27.85,28.1,27.6,27.6,1747261,48626729,960,-0.35,22.396331036615933
20180516,27.7,28.3,27.65,27.9,1507411,42162264,695,+0.30,22.639769417448708
20180517,28.05,28.25,28.0,28.2,1100330,30977737,660,+0.30,22.883207798281493
20180518,28.35,28.4,28.1,28.3,1413021,39939938,880,+0.10,22.964353925225755
20180521,28.7,29.15,28.5,29.15,2994367,86427843,1624,+0.85,23.654096004251965
20180522,29.35,29.35,28.7,29.25,4130813,120230855,2042,+0.10,23.73524213119623
20180523,29.1,29.2,28.75,28.85,1484752,42883631,881,-0.40,23.410657623419183
20180524,28.85,29.25,28.8,29.1,1645989,47756376,845,+0.25,23.61352294077984
20180525,29.1,29.9,29.05,29.5,4340899,128288776,2131,+0.40,23.938107448556885
20180528,29.55,29.55,29.2,29.25,1905130,55884478,922,-0.25,23.73524213119623
20180529,29.05,29.25,28.65,28.75,2113173,61033019,1172,-0.50,23.329511496474932
20180530,28.5,29.2,28.4,28.9,1203241,34584738,759,+0.15,23.45123068689132
20180531,29.0,29.2,28.75,28.85,1476905,42691819,729,-0.05,23.410657623419183
20180601,28.85,30.8,28.85,30.3,12015942,363327242,5408,+1.45,24.587276464110968
20180604,31.5,32.5,31.5,31.65,19294062,617423807,8727,+1.35,25.682749177858486
20180605,31.55,31.6,30.85,31.2,6275744,195589247,3190,-0.45,25.31759160660931
20180606,31.7,31.8,31.2,31.4,3599566,113090187,1818,+0.20,25.479883860497836
20180607,31.9,31.95,30.95,31.35,4153161,129825370,1928,-0.05,25.439310797025705
20180608,31.65,32.25,31.45,31.65,12091064,386131366,5162,+0.30,25.682749177858486
20180611,31.65,32.0,31.0,31.2,4342735,135599730,2062,-0.45,25.31759160660931
20180612,31.1,31.9,30.85,31.35,6789402,212845678,3043,+0.15,25.439310797025705
20180613,31.2,31.5,30.5,30.5,4012117,123459978,2283,-0.85,24.749568717999484
20180614,30.25,30.85,30.2,30.6,2285532,69998776,1328,+0.10,24.830714844943746
20180615,30.9,31.0,30.6,30.65,1938212,59591944,972,+0.05,24.871287908415884
20180619,30.4,30.45,29.8,30.2,3086002,92637657,1439,-0.45,24.50613033716671
20180620,30.45,30.8,29.6,29.6,11269881,343448874,3655,-0.60,24.019253575501143
20180621,29.45,30.4,29.35,30.35,3582358,106719807,1929,+0.75,24.627849527583095
20180622,30.05,30.15,29.7,29.8,1947272,58200192,1163,-0.55,24.181545829389663
20180625,29.9,30.0,29.5,29.5,1176206,34891225,670,-0.30,23.938107448556885
20180626,29.35,29.35,28.75,29.0,1765201,51210598,918,-0.50,23.532376813835583
20180627,29.2,29.2,28.5,28.65,2224192,64023572,1312,-0.35,23.24836536953067
20180628,28.35,28.65,28.2,28.2,1836000,52069650,1010,-0.45,22.883207798281493
20180629,28.6,28.85,28.55,28.65,1140852,32698707,750,+0.45,23.24836536953067
20180702,28.7,28.85,28.3,28.4,838471,23979373,583,-0.25,23.045500052170016
20180703,28.4,28.55,27.5,27.6,1669300,46667305,925,-0.80,22.396331036615933
20180704,27.65,27.9,27.5,27.6,1008315,27884654,495, 0.00,22.396331036615933
20180705,27.65,27.85,27.4,27.4,681268,18809705,411,-0.20,22.234038782727406
20180706,27.55,27.65,26.7,27.0,2115965,57167755,1073,-0.40,21.909454274950367
20180709,27.2,27.55,27.05,27.55,1088563,29675160,709,+0.55,22.3557579731438
20180710,28.1,28.45,27.5,27.7,3855739,107214519,1429,+0.15,22.47747716356019
20180711,27.4,27.5,27.2,27.25,962000,26263750,540,-0.45,22.11231959231102
20180712,27.25,27.7,27.25,27.6,640605,17633446,414,+0.35,22.396331036615933
20180713,27.75,28.1,27.7,28.0,1479500,41352823,716,+0.40,22.72091554439297
20180716,28.0,28.0,27.7,27.7,927150,25758891,493,-0.30,22.47747716356019
20180717,27.55,28.0,27.45,27.9,1871712,51772263,905,+0.20,22.639769417448708
20180718,28.3,28.45,28.0,28.25,5062135,142830247,2381,+0.35,22.923780861753627
20180719,28.35,28.35,27.7,27.75,1898551,52936516,880,-0.50,22.518050227032322
20180720,27.8,28.0,27.6,27.6,1414668,39347202,732,-0.15,22.396331036615933
20180723,27.7,27.7,27.1,27.3,1328010,36234575,769,-0.30,22.15289265578315
20180724,27.35,27.8,27.25,27.65,767800,21182650,444,+0.35,22.43690410008806
20180725,27.7,28.4,27.55,28.0,1887298,52919853,958,+0.35,22.72091554439297
20180726,28.1,28.85,28.05,28.8,3174188,90558963,1380,+0.80,23.37008455994706
20180727,29.15,29.3,28.9,29.0,4366945,127126105,2191,+0.20,23.532376813835583
20180730,29.0,29.0,28.25,28.5,2263860,64532309,1066,-0.50,23.126646179114275
20180731,28.35,28.9,28.35,28.9,1260666,36129360,588,+0.40,23.45123068689132
20180801,29.4,29.7,29.25,29.3,7012410,206495755,3264,+0.40,23.775815194668365
20180802,29.1,29.25,28.5,28.55,2335459,67340195,1345,-0.75,23.16721924258641
20180803,28.6,28.95,28.45,28.7,1327606,38016810,690,+0.15,23.288938433002794
20180806,28.75,29.2,28.65,28.95,1820685,52751128,976,+0.25,23.49180375036344
20180807,29.0,29.0,28.75,28.75,1149260,33120674,661,-0.20,23.329511496474932
20180808,28.9,29.3,28.9,29.15,1981539,57704659,1009,+0.40,23.654096004251965
20180809,29.1,29.1,28.5,28.8,2380704,68381066,1088,-0.35,23.37008455994706
20180810,28.9,29.3,28.9,29.15,6308200,183586529,2347,+0.35,23.654096004251965
20180813,28.95,28.95,27.15,27.7,5125804,143665812,2591,-1.45,22.47747716356019
20180814,27.75,27.85,27.25,27.55,1661277,45712025,997,-0.15,22.3557579731438
20180815,27.6,27.6,26.9,27.0,1979866,53655464,1129,-0.55,21.909454274950367
20180816,26.5,27.15,26.4,27.1,1974257,52734065,938,+0.10,21.990600401894632
20180817,27.2,27.85,27.2,27.45,3274445,90162369,1547,+0.35,22.27461184619954
20180820,27.45,27.5,26.7,26.9,2060648,55607942,1140,-0.55,21.828308148006105
20180821,27.0,27.1,26.85,27.05,689857,18616780,400,+0.15,21.9500273384225
20180822,27.05,27.15,26.9,26.9,515532,13913289,302,-0.15,21.828308148006105
20180823,27.0,27.15,27.0,27.05,595008,16099015,290,+0.15,21.9500273384225
20180824,27.15,27.2,26.8,27.0,623821,16838967,320,-0.05,21.909454274950367
20180827,27.1,27.75,27.1,27.5,1177500,32289800,663,+0.50,22.31518490967167
20180828,27.8,28.15,27.4,28.0,2043854,56864017,950,+0.50,22.72091554439297
20180829,28.15,28.8,28.05,28.4,8263353,234719923,3372,+0.40,23.045500052170016
20180830,28.4,28.7,28.25,28.6,2244400,63829828,980,+0.20,23.207792306058533
20180831,28.5,29.3,28.4,29.25,11289563,326092164,3292,+0.65,23.73524213119623
20180903,29.2,29.65,28.6,28.6,16732699,490701772,4847,-0.65,23.207792306058533
20180904,28.5,28.85,28.5,28.85,1988298,56968800,985,+0.25,23.410657623419183
20180905,28.85,28.85,28.55,28.6,1283308,36804807,590,-0.25,23.207792306058533
20180906,28.55,28.6,28.2,28.25,1174822,33270320,630,-0.35,22.923780861753627
20180907,28.3,28.5,27.45,27.7,1964312,54764850,985,-0.55,22.47747716356019
20180910,27.5,27.65,26.9,27.05,1689802,45871430,916,-0.65,21.9500273384225
20180911,27.25,27.85,27.25,27.6,1089000,29965700,721,+0.55,22.396331036615933
20180912,27.6,27.75,27.45,27.6,1154249,31869619,680, 0.00,22.396331036615933
20180913,27.8,28.35,27.7,28.2,1765154,49587819,1129,+0.60,22.883207798281493
20180914,28.25,28.6,28.1,28.4,1772331,50262749,1045,+0.20,23.045500052170016
20180917,28.15,28.5,28.15,28.25,661331,18727548,424,-0.15,22.923780861753627
20180918,28.25,28.25,27.65,27.75,1385507,38608742,817,-0.50,22.518050227032322
20180919,27.9,28.15,27.75,27.75,1099269,30738026,705, 0.00,22.518050227032322
20180920,27.9,28.05,27.7,27.75,1342506,37302174,768, 0.00,22.518050227032322
20180921,28.1,28.15,27.8,28.0,1990169,55795482,579,+0.25,22.72091554439297
20180925,28.0,28.05,27.75,27.9,2203807,61561365,655,-0.10,22.639769417448708
20180926,28.0,28.2,27.8,27.95,3734721,104415581,1205,+0.05,22.68034248092084
20180927,27.2,27.2,26.55,26.75,4719561,127517165,1199,X0.00,22.765446955520925
20180928,26.9,27.45,26.9,27.25,1770189,48163246,1067,+0.50,23.190969328521312
20181001,27.35,28.1,27.3,28.05,3930536,109573132,2005,+0.80,23.87180512532194
20181002,28.05,28.45,27.8,27.95,3511934,98723900,1875,-0.10,23.78670065072186
20181003,27.95,28.05,27.55,27.55,1417458,39208515,800,-0.40,23.446282752321544
20181004,27.6,27.8,27.25,27.25,1052200,28887509,655,-0.30,23.190969328521312
20181005,27.05,27.25,26.1,26.5,2092153,55741498,1259,-0.75,22.552685769020723
20181008,26.2,26.6,25.85,26.15,2326391,60628231,1177,-0.35,22.254820107920448
20181009,26.0,26.25,24.8,25.45,5557679,142587016,2447,-0.70,21.659088785719902
20181011,23.0,23.15,22.95,22.95,2864166,65829702,1385,-2.50,19.531476920717946
20181012,21.85,22.5,21.65,22.45,3089642,68556993,1564,-0.50,19.105954547717563
20181015,22.25,22.55,22.0,22.0,2093499,46483550,1084,-0.45,18.722984412017208
20181016,22.0,22.65,22.0,22.15,1558510,34669147,860,+0.15,18.85064112391732
20181017,22.8,22.8,22.15,22.35,1666572,37334388,947,+0.20,19.020850073117476
20181018,22.25,22.4,21.85,22.1,1194398,26307265,792,-0.25,18.808088886617288
20181019,21.8,21.8,21.05,21.2,2145823,45641609,1098,-0.90,18.04214861521658
20181022,21.05,21.65,21.0,21.5,1195000,25640450,752,+0.30,18.297462039016814
20181023,21.5,21.7,21.1,21.1,929451,19793037,621,-0.40,17.957044140616503
20181024,21.2,21.4,20.8,21.05,1007994,21225270,588,-0.05,17.914491903316463
20181025,20.2,20.35,20.0,20.0,1899747,38299437,926,-1.05,17.02089492001564
20181026,20.4,20.5,20.0,20.25,1167630,23588581,648,+0.25,17.233656106515838
20181029,20.4,20.6,19.95,20.45,1863391,37573783,758,+0.20,17.403865055715993
20181030,20.55,20.95,20.55,20.6,3494953,72316720,1689,+0.15,17.531521767616113
20181031,20.9,21.3,20.75,21.2,1753082,36858890,931,+0.60,18.04214861521658
20181101,21.1,21.6,21.05,21.55,1702846,36458855,854,+0.35,18.340014276316854
20181102,21.75,21.9,21.35,21.4,1774536,38316924,994,-0.15,18.212357564416738
20181105,21.25,21.55,21.1,21.2,613001,13031573,430,-0.20,18.04214861521658
20181106,21.4,21.4,20.95,21.0,681001,14370521,402,-0.20,17.871939666016424
20181107,21.0,21.55,20.95,21.4,792001,16871523,455,+0.40,18.212357564416738
20181108,21.75,21.75,21.25,21.3,931477,20019954,527,-0.10,18.12725308981666
20181109,21.2,21.35,21.0,21.2,757500,16032350,421,-0.10,18.04214861521658
20181112,21.0,21.3,21.0,21.05,537001,11349321,347,-0.15,17.914491903316463
20181113,20.7,20.9,20.65,20.8,1028309,21362256,574,-0.25,17.701730716816268
20181114,20.9,21.2,20.7,20.8,1844395,38545862,1055, 0.00,17.701730716816268
20181115,20.8,21.0,20.7,20.9,1792151,37340736,1093,+0.10,17.786835191416344
20181116,20.9,22.85,20.9,21.9,6262105,136249489,3239,+1.00,18.637879937417125
20181119,21.85,22.9,21.7,22.8,4092705,91461392,2262,+0.90,19.403820208817834
20181120,22.35,22.45,21.95,22.0,3358005,74394012,1865,-0.80,18.722984412017208
20181121,21.7,22.1,21.55,21.85,1905012,41482627,1114,-0.15,18.59532770011709
20181122,21.9,22.2,21.55,21.6,1719153,37623716,970,-0.25,18.38256651361689
20181123,21.75,21.8,21.25,21.25,995417,21326628,606,-0.35,18.08470085251662
20181126,21.35,21.75,21.35,21.5,843257,18197429,480,+0.25,18.297462039016814
20181127,21.5,22.05,21.35,22.05,2181000,47611100,1100,+0.55,18.765536649317244
20181128,22.1,22.85,22.1,22.5,9187692,207118495,3939,+0.45,19.148506785017595
20181129,22.8,22.9,22.6,22.65,3677605,83576502,1782,+0.15,19.27616349691771
20181130,22.75,23.35,22.7,23.25,7465286,172727415,2278,+0.60,19.78679034451818
20181203,24.6,25.4,24.4,24.9,11348959,282664071,4338,+1.65,21.191014175419472
20181204,24.85,24.85,24.1,24.35,3542882,86662018,1908,-0.55,20.72293956511904
20181205,23.75,24.5,23.5,24.5,3089100,74046151,1581,+0.15,20.85059627701916
20181206,24.5,24.5,22.9,23.35,4594030,108779702,2208,-1.15,19.871894819118264
20181207,23.45,24.55,23.25,24.4,5279230,126457234,2466,+1.05,20.76549180241908
20181210,24.05,24.65,23.9,24.55,8372182,203231723,3911,+0.15,20.893148514319197
20181211,24.6,24.75,24.0,24.1,4704254,114189183,2376,-0.45,20.51017837861885
20181212,24.35,24.45,24.15,24.25,1976072,47988447,1097,+0.15,20.637835090518962
20181213,24.4,24.65,24.2,24.2,2568407,62660169,1407,-0.05,20.59528285321893
20181214,24.25,25.3,23.85,25.1,5620885,138581710,2668,+0.90,21.361223124619627
20181217,25.0,25.25,24.65,24.75,9753710,243837612,4684,-0.35,21.063357463519356
20181218,24.4,24.7,23.9,24.3,6042002,146571500,2736,-0.45,20.680387327819005
20181219,24.5,24.9,24.1,24.25,5253507,129016394,2525,-0.05,20.637835090518962
20181220,24.05,24.3,23.35,23.45,2910010,69281800,1552,-0.80,19.956999293718344
20181221,23.5,24.4,23.45,24.1,2963086,70977287,1582,+0.65,20.51017837861885
20181222,23.9,25.15,23.9,25.15,4836484,119452743,2239,+1.05,21.403775361919667
20181224,25.4,26.45,25.3,26.3,18676586,486286525,8590,+1.15,22.38247681982057
20181225,25.8,26.5,24.85,25.5,13953010,358657604,6623,-0.80,21.701641023019942
20181226,25.8,26.05,24.4,24.65,6726360,169158070,3334,-0.85,20.978252988919277
20181227,25.35,25.55,24.75,24.75,5027279,126566465,2241,+0.10,21.063357463519356
20181228,25.0,25.3,24.8,25.25,2939609,73691414,1486,+0.50,21.488879836519747
20190102,25.4,25.95,25.25,25.65,8005846,205429542,3878,+0.40,21.82929773492006
20190103,25.3,25.55,24.85,24.95,2862478,72015568,1534,-0.70,21.233566412719508
20190104,24.6,24.6,23.7,24.2,3727012,90204850,1825,-0.75,20.59528285321893
20190107,24.9,25.3,24.6,25.1,3084356,76857369,1646,+0.90,21.361223124619627
20190108,25.0,26.1,24.8,25.75,8805115,225548909,4039,+0.65,21.914402209520144
20190109,25.6,26.05,25.2,25.6,6023904,153856152,2865,-0.15,21.78674549762002
20190110,25.4,25.9,25.4,25.75,3530517,90556935,1704,+0.15,21.914402209520144
20190111,25.95,26.4,25.65,26.4,7788354,202758239,3456,+0.65,22.467581294420643
20190114,26.7,27.4,26.0,26.2,16156241,433003761,7271,-0.20,22.297372345220488
20190115,26.1,26.15,25.5,25.7,4633219,119499825,2522,-0.50,21.871849972220097
20190116,25.7,25.9,25.5,25.55,2777655,71267680,1392,-0.15,21.74419326031998
20190117,25.7,25.85,25.3,25.5,2364102,60492906,1227,-0.05,21.701641023019942
20190118,25.5,25.65,25.3,25.45,1893296,48204953,928,-0.05,21.659088785719902
20190121,25.5,26.15,25.35,26.1,3781219,97386565,1576,+0.65,22.212267870620412
20190122,26.2,26.25,25.2,25.2,10350700,267329676,4387,-0.90,21.446327599219714
20190123,25.2,25.4,25.05,25.35,2246879,56614380,1437,+0.15,21.57398431111983
20190124,25.55,25.6,25.2,25.4,1856253,47005875,970,+0.05,21.616536548419866
20190125,25.6,25.7,24.9,25.05,6523549,165068016,2740,-0.35,21.3186708873196
20190128,25.05,25.15,24.65,24.8,4434131,110295744,2032,-0.25,21.105909700819396
20190129,24.8,25.15,24.6,24.95,2922314,72829481,1577,+0.15,21.233566412719508
20190130,25.2,25.7,25.05,25.05,7354736,186671734,2989,+0.10,21.3186708873196
20190211,25.5,27.0,25.45,26.95,18465067,486076141,7502,+1.90,22.935655904721074
20190212,27.3,28.45,26.8,27.7,24732429,686135041,9617,+0.75,23.573939464221663
20190213,29.0,29.2,28.5,29.1,19868967,573260575,8408,+1.40,24.76540210862276
20190214,29.0,29.1,28.65,28.7,10794927,311744391,3989,-0.40,24.424984210222444
20190215,29.0,29.6,28.5,28.95,10377372,301359961,4230,+0.25,24.637745396722643
20190218,29.95,30.45,29.55,30.35,16303367,489373623,6731,+1.40,25.829208041123735
20190219,30.35,30.35,29.65,30.1,8518430,255123336,3555,-0.25,25.616446854623543
20190220,30.4,30.45,29.85,29.85,6986178,210004352,2884,-0.25,25.403685668123348
20190221,30.0,30.1,29.1,29.5,8343635,245644972,3571,-0.35,25.105820007023073
20190222,29.5,30.05,29.4,29.65,5972246,177676703,2518,+0.15,25.23347671892319
20190225,30.3,32.6,30.1,32.6,33062037,1051083573,13207,+2.95,27.744058719625496
20190226,32.55,33.45,32.05,32.65,29530283,967181202,11469,+0.05,27.786610956925532
20190227,33.5,34.2,32.6,33.65,36121572,1208210759,16297,+1.00,28.63765570292632
20190304,34.55,35.1,33.85,34.6,28451993,982006481,13130,+0.95,29.446148211627058
20190305,33.8,34.3,32.5,32.5,18468092,612819978,9585,-2.10,27.658954245025416
20190306,32.9,33.3,32.35,32.55,15063260,494121292,6903,+0.05,27.70150648232545
20190307,32.7,33.2,31.3,31.7,14118803,456146594,6574,-0.85,26.978118448224794
20190308,32.0,32.7,31.85,32.4,13090212,423285763,6765,+0.70,27.573849770425337
20190311,32.0,32.75,31.75,32.75,6721863,217421282,3218,+0.35,27.87171543152561
20190312,33.45,33.55,32.0,32.35,14522096,473782546,6287,-0.40,27.5312975331253
20190313,32.35,32.9,32.15,32.9,7146521,233016202,3267,+0.55,27.99937214342573
20190314,33.4,34.4,32.8,33.35,20900879,701590205,10316,+0.45,28.38234227912608
20190315,32.85,33.3,32.0,32.0,16609741,539485762,7725,-1.35,27.233431872025026
20190318,32.0,32.9,31.9,32.8,8424793,273323120,3873,+0.80,27.914267668825648
20190319,33.2,33.6,32.6,32.6,15052012,499842129,7116,-0.20,27.744058719625496
20190320,32.7,33.4,32.7,33.15,7400194,244774052,3568,+0.55,28.212133329925923
20190321,33.9,36.45,33.55,36.45,60561905,2121493408,26422,+3.30,31.020580991728515
20190322,37.0,37.1,34.6,35.2,40777011,1460617576,17691,-1.25,29.956775059227528
20190325,34.7,35.9,34.1,35.2,19100680,675117078,9683, 0.00,29.956775059227528
20190326,35.8,35.85,34.4,34.4,12121596,423420991,6099,-0.80,29.275939262426903
20190327,34.6,35.4,34.55,34.65,10454823,365528514,5315,+0.25,29.488700448927094
20190328,34.55,34.95,33.3,34.55,11694975,398744781,5845,-0.10,29.403595974327025
20190329,34.55,34.95,33.95,34.2,8189306,281827907,3842,-0.35,29.10573031322675
20190401,34.5,35.2,34.0,34.95,9180326,318730322,4556,+0.75,29.744013872727333
20190402,35.7,37.4,35.4,35.5,42451611,1544116695,20887,+0.55,30.212088483027763
20190403,36.0,36.6,35.55,35.7,12347048,444767037,6630,+0.20,30.38229743222793
20190408,36.2,37.6,35.8,36.7,22342366,823178004,11032,+1.00,31.233342178228707
20190409,37.25,38.9,36.0,36.0,29485397,1107025892,14850,-0.70,30.637610856028157
20190410,36.3,36.75,35.3,35.8,10050959,361073058,5534,-0.20,30.46740190682799
20190411,36.1,37.55,36.1,37.0,21121526,783616912,10092,+1.20,31.48865560202894
20190412,37.5,40.2,37.5,39.15,48557776,1898552188,22338,+2.15,33.31840180593062
20190415,40.0,42.9,39.9,42.9,49376392,2065216618,24538,+3.75,36.50981960343355
20190416,42.5,42.55,40.65,41.5,30621905,1269573646,16179,-1.40,35.31835695903246
20190417,42.4,44.2,42.05,43.25,42578281,1848179111,22694,+1.75,36.80768526453383
20190418,43.5,43.95,42.0,42.8,28760692,1231389148,13540,-0.45,36.424715128833476
20190419,43.6,45.7,41.4,42.0,59506383,2578919136,29337,-0.80,35.74387933203285
20190422,41.85,42.7,40.95,41.75,17827397,744193608,9750,-0.25,35.53111814553265
20190423,42.0,42.5,39.55,40.3,25386579,1026467325,12022,-1.45,34.29710326383151
20190424,40.9,41.7,40.6,40.7,19320827,794629148,10556,+0.40,34.637521162231835
20190425,40.7,41.2,39.85,41.2,13055805,528759955,6901,+0.50,35.063043535232225
20190426,40.6,41.15,39.25,39.8,16601543,664909248,8049,-1.40,33.871580890831126
20190429,40.0,40.45,38.6,40.0,17375894,685023920,8658,+0.20,34.04178984003128
20190430,40.75,42.8,40.2,42.8,36529924,1520813622,20003,+2.80,36.424715128833476
20190502,42.0,43.4,41.8,42.85,26485964,1129684942,14922,+0.05,36.46726736613352
20190503,42.85,45.0,42.45,44.05,39282417,1735827708,19955,+1.20,37.488521061334446
20190506,42.5,44.6,42.25,44.4,29491848,1291242915,15345,+0.35,37.78638672243471
20190507,46.0,46.8,42.85,42.85,51490511,2305548771,25627,-1.55,36.46726736613352
20190508,42.05,43.65,41.85,42.65,26471083,1132295971,13801,-0.20,36.29705841693335
20190509,43.5,43.55,39.7,40.0,35671890,1482680078,17217,-2.65,34.04178984003128
20190510,40.75,41.25,39.75,40.8,25472239,1033254203,12941,+0.80,34.72262563683192
20190513,40.8,41.4,40.1,40.1,17025086,693923393,8307,-0.70,34.126894314631365
20190514,38.9,42.55,38.75,42.5,31284564,1282170064,16591,+2.40,36.16940170503324
20190515,42.1,43.15,41.8,41.95,23432527,993906643,12621,-0.55,35.70132709473281
20190516,41.8,42.3,39.3,39.7,26926170,1098045800,13854,-2.25,33.78647641623105
20190517,40.15,40.3,36.0,36.0,42937330,1625935986,21164,-3.70,30.637610856028157
20190520,36.2,36.75,34.35,34.35,36236997,1276465642,17365,-1.65,29.233387025126863
20190521,34.35,35.95,33.9,35.6,38173217,1336696205,18042,+1.25,30.297192957627843
20190522,35.0,35.45,34.2,34.25,22619236,787064750,11100,-1.35,29.148282550526783
20190523,32.6,33.55,31.75,32.95,25616120,839497310,12958,-1.30,28.041924380725767
20190524,33.9,34.2,32.2,32.2,25160086,840522223,11747,-0.75,27.40364082122518
20190527,32.35,32.7,31.35,32.5,20090128,643306626,10350,+0.30,27.658954245025416
20190528,33.15,33.55,32.6,32.6,27788767,915405511,11739,+0.10,27.744058719625496
20190529,31.8,32.3,31.45,32.3,13556916,432031626,7775,-0.30,27.488745295825257
20190530,32.8,32.95,32.45,32.55,9721945,317512949,4536,+0.25,27.70150648232545
20190531,32.7,34.0,32.55,33.6,16465932,549703061,8472,+1.05,28.595103465626277
20190603,33.0,33.4,32.6,32.7,8042167,264555113,4327,-0.90,27.82916319422558
20190604,32.75,33.3,32.25,32.45,6840436,223898270,3698,-0.25,27.616402007725384
20190605,33.25,33.35,32.3,32.3,9693152,318984003,5086,-0.15,27.488745295825257
20190606,32.5,32.8,31.95,32.8,6933740,224697018,3468,+0.50,27.914267668825648
20190610,33.7,36.05,33.6,35.9,33077452,1160438161,16231,+3.10,30.552506381428078
20190611,36.5,36.9,35.15,36.15,34716795,1258111120,17460,+0.25,30.76526756792827
20190612,35.6,36.2,35.3,35.55,13342903,475880335,7220,-0.60,30.254640720327796
20190613,35.4,36.1,35.3,35.95,11659612,416416896,6432,+0.40,30.595058618728114
20190614,36.05,36.4,35.1,35.1,11202127,399243967,5979,-0.85,29.87167058462745
20190617,34.85,35.75,34.7,35.6,9736496,343449903,4755,+0.50,30.297192957627843
20190618,35.85,36.85,35.05,35.35,27497358,990628548,13979,-0.25,30.084431771127644
20190619,36.2,38.85,36.1,37.9,72436571,2734499344,28911,+2.55,32.25459587342963
20190620,37.85,39.3,37.7,39.0,43348891,1670502929,20716,+1.10,33.19074509403049
20190621,39.2,39.9,38.0,38.0,32659342,1274811796,16387,-1.00,32.339700348029716
20190624,38.2,38.9,37.45,38.9,13130905,501512245,7456,+0.90,33.105640619430424
20190625,38.95,39.55,38.1,38.1,23991039,934099351,12160,-0.80,32.4248048226298
20190626,38.0,39.0,36.4,38.95,41246932,1549026846,17968,+0.85,33.148192856730475
20190627,39.0,39.25,38.35,38.5,20057690,776602978,9713,-0.45,32.76522272103012
20190628,38.5,39.0,38.4,38.45,12660582,489643115,6236,-0.05,32.72267048373007
20190701,41.45,42.25,40.45,42.25,46020184,1919202249,19399,+3.80,35.95664051853304
20190702,42.35,43.2,42.2,42.8,36680958,1566623689,17028,+0.55,36.424715128833476
20190703,42.4,42.75,40.8,41.0,22247116,923677356,11020,-1.80,34.892834586032066
20190704,41.5,41.7,40.4,41.15,15598487,640635117,8235,+0.15,35.02049129793218
20190705,41.7,41.85,40.5,40.55,22459362,922018502,11296,-0.60,34.50986445033171
20190708,40.45,41.05,39.7,40.2,16247067,653573545,8220,-0.35,34.211998789231444
20190709,40.1,40.35,39.25,39.9,15175181,602157465,7461,-0.30,33.9566853654312
20190710,40.05,40.8,40.05,40.8,14518351,588455396,7489,+0.90,34.72262563683192
20190711,41.15,41.9,40.6,41.45,20783392,859457901,9798,+0.65,35.27580472173242
20190712,41.75,42.25,40.9,41.0,18112222,750729902,8349,-0.45,34.892834586032066
20190715,41.4,42.15,41.05,41.9,23388770,976553902,10771,+0.90,35.65877485743278
20190716,42.1,42.2,41.0,41.05,15722965,651291654,7525,-0.85,34.93538682333209
20190717,40.5,41.05,40.2,40.8,11715679,476548228,5987,-0.25,34.72262563683192
20190718,40.5,40.85,39.8,39.85,12850255,515331600,7087,-0.95,33.91413312813116
20190719,41.0,41.2,40.25,40.25,14836171,603280986,7620,+0.40,34.25455102653149
20190722,40.25,41.45,40.25,41.4,12025815,493530986,5868,+1.15,35.23325248443238
20190723,42.05,45.3,41.8,43.2,57083874,2499406382,27320,+1.80,36.76513302723378
20190724,44.2,47.0,43.55,46.9,76473477,3473043079,34546,+3.70,39.91399858743669
20190725,47.5,47.75,45.5,45.7,39866108,1841154277,19056,-1.20,38.89274489223573
20190726,45.1,46.1,44.9,45.3,18039557,820589295,8959,-0.40,38.55232699383542
20190729,45.4,46.8,45.4,45.45,31904398,1473461427,15514,+0.15,38.67998370573555
20190730,44.2,44.8,40.95,40.95,55607216,2359541720,25699,-4.50,34.85028234873204
20190731,40.0,41.45,39.15,40.6,38651003,1562317800,18062,-0.35,34.55241668763174
20190801,40.0,41.6,39.5,40.8,34085248,1381364807,15858,+0.20,34.72262563683192
20190802,39.9,40.35,38.9,39.1,26505643,1048456648,12989,-1.70,33.27584956863057
20190805,39.1,39.65,38.1,38.9,13026937,507594294,6540,-0.20,33.105640619430424
20190806,37.5,39.55,37.15,39.05,19274846,741536810,9302,+0.15,33.23329733133053
20190807,39.55,40.2,39.2,39.2,24186300,960663467,11792,+0.15,33.360954043230656
20190808,39.75,42.4,39.55,42.3,49261632,2041032310,24071,+3.10,35.99919275583308
20190812,42.8,43.8,42.3,42.4,37536858,1611455873,18874,+0.10,36.08429723043316
20190813,42.6,44.1,42.0,43.7,40716073,1763438568,20481,+1.30,37.19065540023418
20190814,45.2,45.5,43.2,43.75,37868650,1679967428,18224,+0.05,37.233207637534214
20190815,42.3,43.6,42.25,42.9,20523777,881185711,9766,-0.85,36.50981960343355
20190816,43.7,44.4,42.95,43.45,23423331,1024999072,11731,+0.55,36.977894213734
20190819,44.6,44.6,43.4,43.55,14252834,625746959,7635,+0.10,37.06299868833407
20190820,44.1,44.75,42.8,42.8,22560591,986821932,11896,-0.75,36.424715128833476
20190821,42.8,44.55,42.3,44.55,24908885,1087913764,13695,+1.75,37.91404343433483
20190822,45.5,46.5,44.8,44.85,55912609,2552511644,26324,+0.30,38.16935685813507
20190823,45.1,45.9,44.55,44.9,25941865,1172565075,13115,+0.05,38.211909095435125
20190826,43.7,44.45,43.3,44.0,13239660,580594190,7056,-0.90,37.445968824034416
20190827,44.6,45.3,43.7,43.7,18094364,806472100,9545,-0.30,37.19065540023418
20190828,43.9,44.2,42.7,42.9,16331167,706631681,8203,-0.80,36.50981960343355
20190829,43.2,43.65,42.75,43.05,10896258,470170567,6087,+0.15,36.637476315333664
20190830,43.8,43.8,41.25,42.2,21409168,909082031,11689,-0.85,35.914088281233006
20190902,41.6,42.45,41.15,42.45,14262623,596220123,7672,+0.25,36.126849467733194
20190903,42.5,42.55,41.2,41.3,12577528,524980534,6655,-1.15,35.14814800983229
20190904,41.25,42.15,41.1,42.15,11704443,489320140,6586,+0.85,35.87153604393296
20190905,42.5,42.9,42.2,42.3,10581748,449699098,5811,+0.15,35.99919275583308
20190906,42.9,43.8,42.2,43.25,17299058,745840903,9027,+0.95,36.80768526453383
20190909,43.5,43.75,42.6,42.65,9299136,401893648,5080,-0.60,36.29705841693335
20190910,42.9,43.1,41.9,42.0,6900131,292021034,3581,-0.65,35.74387933203285
20190911,42.2,42.9,41.6,42.45,9084430,384644459,5056,+0.45,36.126849467733194
20190912,42.95,43.3,42.55,42.85,6935852,297439149,3806,+0.40,36.46726736613352
20190916,43.15,43.15,42.3,42.55,6953829,297189395,4053,-0.30,36.211953942333274
20190917,42.65,42.7,40.5,40.7,23561247,970804970,12327,-1.85,34.637521162231835
20190918,40.6,41.35,40.3,40.85,9113585,372843785,5246,+0.15,34.76517787413195
20190919,41.35,41.4,40.7,40.8,6417245,262606940,3335,-0.05,34.72262563683192
20190920,40.8,42.1,40.7,41.45,14535373,604341795,8126,+0.65,35.27580472173242
20190923,41.6,41.8,41.3,41.45,4354821,180923500,2435, 0.00,35.27580472173242
20190924,41.75,42.15,41.1,41.1,6713868,279432104,3699,-0.35,34.97793906063214
20190925,41.0,41.25,40.4,40.55,5490588,223314218,3176,-0.55,34.50986445033171
20190926,40.0,40.15,39.4,39.4,6728789,267057142,3971,X0.00,34.37898000867433
20190927,39.25,39.4,37.3,38.0,14779322,563587345,8190,-1.40,33.15739188653869
20191001,38.45,39.3,38.3,39.0,5125528,199236306,3048,+1.00,34.029954830921284
20191002,39.0,41.15,38.8,41.1,15369046,622390880,8464,+2.10,35.86233701412474
20191003,40.55,42.0,40.3,41.9,16840625,698107650,8700,+0.80,36.56038736963082
20191004,42.1,42.4,41.3,41.85,12984741,543997604,6413,-0.05,36.51675922241169
20191007,42.45,44.2,42.45,42.45,38810977,1685941811,18832,+0.60,37.04029698904125
20191008,43.65,43.75,42.2,42.4,21914313,939483262,10238,-0.05,36.99666884182211
20191009,42.7,43.1,42.15,42.65,10526763,448085109,5656,+0.25,37.21480957791776
20191014,43.9,44.2,42.6,42.9,17957701,778714352,8858,+0.25,37.432950314013404
20191015,43.1,43.8,42.6,42.65,13474447,582198855,7312,-0.25,37.21480957791776
20191016,43.2,43.95,42.7,42.75,15373265,665102134,7570,+0.10,37.30206587235602
20191017,43.0,43.35,42.8,43.05,6713266,289052738,3616,+0.30,37.56383475567079
20191018,43.4,43.8,43.1,43.3,12433721,540249268,6041,+0.25,37.78197549176644
20191021,43.55,43.6,42.8,43.15,5485469,236389680,3213,-0.15,37.65109105010907
20191022,43.45,44.15,43.0,43.7,19378944,847730439,9728,+0.55,38.131000669519494
20191023,43.9,44.3,42.8,43.0,13926606,605923058,7744,-0.70,37.520206608451666
20191024,43.2,44.15,42.9,44.1,11738712,511955032,6221,+1.10,38.48002584727252
20191025,44.6,44.8,43.35,43.35,15206178,666403567,7525,-0.75,37.82560363898558
20191028,43.4,43.75,43.1,43.1,5808258,252016112,3612,-0.25,37.607462902889935
20191029,43.5,43.5,41.35,41.95,11706981,495257887,6312,-1.15,36.60401551684994
20191030,42.05,42.75,41.75,42.55,4670294,197838345,2798,+0.60,37.1275532834795
20191031,42.65,42.9,41.6,41.7,7344630,308260265,3533,-0.85,36.38587478075429
20191101,41.75,42.0,40.8,41.55,6380645,263785040,3682,-0.15,36.254990339096906
20191104,41.9,42.4,41.7,41.75,5030906,211456969,2883,+0.20,36.42950292797343
20191105,41.95,42.75,41.95,42.75,6775750,288051994,4073,+1.00,37.30206587235602
20191106,43.1,43.2,42.0,42.0,6891988,293368037,3983,-0.75,36.64764366406907
20191107,41.55,41.85,40.8,41.05,7899837,324886045,4362,-0.95,35.8187088669056
20191108,41.3,41.7,40.5,41.55,6839701,281102623,3970,+0.50,36.254990339096906
20191111,41.3,41.35,40.4,40.4,4720933,192224332,2632,-1.15,35.251542953056926
20191112,40.4,41.1,40.4,41.05,2975148,121261971,1870,+0.65,35.8187088669056
20191113,40.9,41.2,40.5,40.5,3528860,143582242,1991,-0.55,35.33879924749519
20191114,40.4,40.7,39.7,40.1,6155605,246710203,3418,-0.40,34.989774069742154
20191115,40.35,41.35,40.35,40.95,5131081,209845106,2977,+0.85,35.731452572467354
20191118,41.1,41.2,40.5,40.5,4216861,172003226,2453,-0.45,35.33879924749519
20191119,40.6,41.0,40.6,40.75,2133061,86956980,1227,+0.25,35.55693998359084
20191120,40.75,40.75,40.0,40.15,4711650,189273807,2811,-0.60,35.03340221696127
20191121,39.85,40.2,39.5,40.05,2560374,102145621,1636,-0.10,34.94614592252301
20191122,40.1,40.25,39.7,39.7,2780557,111016464,1605,-0.35,34.640748891989105
20191125,39.8,40.6,39.8,40.05,3142606,126470815,1949,+0.35,34.94614592252301
20191126,40.2,40.45,39.85,39.95,2779580,111573078,1670,-0.10,34.858889628084754
20191127,40.0,40.35,39.9,39.9,2172652,86884030,1336,-0.05,34.81526148086562
20191128,39.9,40.2,39.6,39.65,2752833,109475715,1538,-0.25,34.597120744769974
20191129,40.0,40.65,39.65,39.65,5771188,231176865,3375, 0.00,34.597120744769974
20191202,39.65,39.85,38.5,39.0,7041735,273846301,4091,-0.65,34.029954830921284
20191203,38.8,39.6,38.6,39.5,3469964,136335171,2468,+0.50,34.46623630311258
20191204,39.15,39.3,38.75,39.1,3653702,142602449,2288,-0.40,34.11721112535955
20191205,39.35,39.7,39.3,39.4,2695115,106387582,1624,+0.30,34.37898000867433
20191206,39.65,40.2,39.65,39.95,3423267,136711430,2111,+0.55,34.858889628084754
20191209,40.3,40.5,40.1,40.3,2501784,100731162,1463,+0.35,35.16428665861866
20191210,40.5,40.5,40.0,40.1,2263880,90939586,1477,-0.20,34.989774069742154
20191211,40.15,40.5,40.0,40.0,1924007,77277924,1170,-0.10,34.90251777530388
20191212,40.3,40.4,39.9,39.9,2203828,88390830,1388,-0.10,34.81526148086562
20191213,40.25,40.25,38.75,39.2,3595936,141508632,2207,-0.70,34.20446741979781
20191216,39.5,41.4,39.2,41.0,12223915,499639665,6906,+1.80,35.77508071968648
20191217,41.1,41.9,40.5,40.5,11978905,493699497,6430,-0.50,35.33879924749519
20191218,40.5,40.8,40.2,40.2,3327934,134371540,1970,-0.30,35.07703036418041
20191219,40.45,40.8,40.05,40.8,3212832,130120888,1773,+0.60,35.60056813080996
20191220,40.95,41.5,40.5,41.15,5952812,244902242,3149,+0.35,35.905965161343865
20191223,41.1,41.6,41.1,41.25,5547618,229329839,2869,+0.10,35.99322145578213
20191224,41.5,41.7,41.3,41.65,5241923,217807203,2789,+0.40,36.342246633535154
20191225,41.9,42.1,41.6,41.7,5555023,232193202,2766,+0.05,36.38587478075429
20191226,42.0,42.8,41.9,42.0,11258657,476329694,5908,+0.30,36.64764366406907
20191227,42.15,42.4,41.3,41.35,5598491,233203142,3194,-0.65,36.08047775022038
20191230,41.2,41.3,40.7,41.0,3776919,154638877,2188,-0.35,35.77508071968648
20191231,41.2,42.0,40.85,41.65,5198941,215962287,2972,+0.65,36.342246633535154
20200102,43.0,44.4,42.5,42.75,33814248,1464297553,16012,+1.10,37.30206587235602
20200103,42.8,42.9,41.1,41.25,12268841,513932075,6303,-1.50,35.99322145578213
20200106,40.8,40.8,39.8,39.9,7974964,320007890,4350,-1.35,34.81526148086562
20200107,40.2,40.4,39.25,39.65,5807584,230647660,3130,-0.25,34.597120744769974
20200108,39.85,40.2,39.2,39.2,7013817,278546270,3934,-0.45,34.20446741979781
20200109,39.75,39.95,39.4,39.4,3041512,120600272,1708,+0.20,34.37898000867433
20200110,39.6,39.75,39.1,39.15,3746503,147119890,2060,-0.25,34.16083927257867
20200113,39.5,39.85,39.3,39.7,2961767,117440535,1772,+0.55,34.640748891989105
20200114,39.95,40.2,39.9,40.1,2808833,112559083,1655,+0.40,34.989774069742154
20200115,40.1,40.1,39.75,40.0,2252122,89956777,1315,-0.10,34.90251777530388
20200116,40.1,40.2,39.95,40.0,2523229,101040959,1168, 0.00,34.90251777530388
20200117,40.2,40.25,39.75,39.75,2706515,107932700,1306,-0.25,34.68437703920823
20200120,39.8,40.0,39.8,40.0,1942364,77520010,952,+0.25,34.90251777530388
20200130,36.0,36.8,36.0,36.0,7043824,254391264,3384,-4.00,31.4122659977735
20200131,34.7,35.9,33.1,34.15,8460873,290723904,4564,-1.85,29.798024550665694
20200203,31.85,32.6,30.75,32.45,9660454,304637810,4154,-1.70,28.31466754521528
20200204,33.7,34.1,33.0,34.0,6840450,229741124,3953,+1.55,29.667140109008294
20200205,34.0,34.0,32.95,33.75,6365775,212979550,3347,-0.25,29.448999372912652
20200206,33.75,34.45,33.5,34.0,7430400,251707817,3917,+0.25,29.667140109008294
20200207,33.7,33.7,33.0,33.05,5749500,191596173,2889,-0.95,28.83820531184483
20200210,31.8,33.45,31.8,33.2,3803174,124539677,2247,+0.15,28.969089753502217
20200211,33.55,33.65,33.25,33.55,3352680,112230643,1744,+0.35,29.27448678403613
20200212,33.55,34.2,33.1,33.8,6618613,222774052,3641,+0.25,29.492627520131776
20200213,34.55,36.25,34.55,35.0,18051444,641330157,9716,+1.20,30.5397030533909
20200214,35.0,35.3,34.7,34.95,5214943,182395805,3034,-0.05,30.496074906171774
20200217,34.5,35.2,34.3,34.55,4165974,144477687,2295,-0.40,30.14704972841872
20200218,34.6,35.05,34.45,34.8,3738643,129976244,2164,+0.25,30.36519046451437
20200219,35.1,35.2,34.6,34.75,3527146,122944276,2045,-0.05,30.321562317295246
20200220,35.1,35.1,34.45,34.45,4546601,157732907,2784,-0.30,30.059793433980474
20200221,34.1,34.5,33.55,33.8,7392368,250078812,4349,-0.65,29.492627520131776
20200224,32.8,33.25,32.6,33.0,6122864,201479859,3415,-0.80,28.794577164625704
20200225,32.5,33.6,32.15,33.6,6100701,201502506,3057,+0.60,29.318114931255263
20200226,33.2,35.8,33.1,34.8,21787558,758210380,11831,+1.20,30.36519046451437
20200227,35.1,35.35,32.85,33.0,12305906,417413887,6937,-1.80,28.794577164625704
20200302,32.5,33.3,31.7,32.55,5669407,184877331,3156,-0.45,28.401923839653534
20200303,33.6,33.6,32.95,33.0,4867402,161827682,2384,+0.45,28.794577164625704
20200304,32.85,33.0,32.55,32.95,4031111,132313734,1960,-0.05,28.750949017406576
20200305,33.45,34.3,33.45,34.1,9777641,332336539,5146,+1.15,29.75439640344656
20200306,33.7,34.6,33.6,34.45,8244445,281928975,3812,+0.35,30.059793433980474
20200309,34.2,34.75,32.4,32.45,11684603,393285531,5802,-2.00,28.31466754521528
20200310,32.35,35.15,32.1,35.15,17058868,581386948,8890,+2.70,30.67058749504829
20200311,36.0,36.6,34.15,34.5,32146906,1144800810,15591,-0.65,30.103421581199594
20200312,33.95,34.05,32.05,32.2,15916695,524718575,8139,-2.30,28.096526809119627
20200313,29.3,30.5,29.0,30.2,17029267,500549021,7292,-2.00,26.351400920354433
20200316,30.4,31.25,28.6,28.75,10961444,329864423,5655,-1.45,25.086184650999666
20200317,26.8,28.85,26.8,27.0,14361857,394957532,6472,-1.75,23.559199498330116
20200318,28.0,29.2,27.5,27.5,12997586,364781555,6658,+0.50,23.99548097052142
20200319,27.05,28.6,24.9,25.85,20148002,536557094,10286,-1.65,22.555752112290136
20200320,27.5,28.4,27.3,28.4,8948323,250434973,4614,+2.55,24.780787620465755
20200323,27.4,28.95,27.1,28.55,9083556,257306900,5607,+0.15,24.91167206212315
20200324,29.05,30.15,29.0,29.1,13255436,391247530,6838,+0.55,25.391581681533573
20200325,29.9,30.4,29.15,29.55,11605544,346652421,5931,+0.45,25.78423500650574
20200326,29.6,30.1,28.85,30.1,7672314,226498246,4112,+0.55,26.264144625916167
20200327,30.75,30.8,29.0,29.0,8957655,267594424,5004,-1.10,25.304325387095318
20200330,28.3,29.95,28.2,29.95,5624778,164945395,3204,+0.95,26.133260184258777
20200331,30.35,30.6,29.7,30.15,5476136,164677818,2993,+0.20,26.307772773135298
20200401,30.25,30.45,29.85,30.25,4216100,127133388,2301,+0.10,26.39502906757356
20200406,30.55,31.3,30.4,31.3,8588902,264812105,4601,+1.05,27.31122015917529
20200407,32.85,33.2,32.3,32.8,13415951,440428484,6995,+1.50,28.620064575749183
20200408,32.4,32.65,32.0,32.5,8154015,263504133,4625,-0.30,28.3582956924344
20200409,32.8,32.8,31.7,31.75,5906641,189538147,3503,-0.75,27.703873484147458
20200410,31.8,32.4,31.7,32.15,4370456,140264827,2549,+0.40,28.052898661900493
20200413,32.15,32.7,31.8,32.1,3899498,125963605,2157,-0.05,28.009270514681365
20200414,32.55,32.75,32.15,32.6,4309361,140221400,2381,+0.50,28.44555198687267
20200415,33.0,34.3,32.7,33.75,12879163,431796286,6218,+1.15,29.448999372912652
20200416,33.9,36.5,33.9,35.1,30006749,1061226983,14146,+1.35,30.626959347829157
20200417,36.65,36.7,35.2,35.25,15525187,557538383,7771,+0.15,30.757843789486547
20200420,35.9,37.5,35.3,37.5,19199011,704587006,10642,+2.25,32.72111041434739
20200421,37.4,37.8,35.4,35.7,17966168,657535759,10085,-1.80,31.150497114458716
20200422,35.0,37.15,34.2,36.95,13694855,494817359,7752,+1.25,32.24120079493696
20200423,37.6,37.8,36.3,36.6,13508883,498955202,7250,-0.35,31.93580376440305
20200424,36.85,37.75,36.4,37.3,14272781,532066713,8168,+0.70,32.54659782547086
20200427,38.35,39.1,38.05,38.65,18345499,706214019,9851,+1.35,33.724557800387366
20200428,39.45,40.8,39.0,39.75,32110445,1284794027,17204,+1.10,34.68437703920823
20200429,40.5,40.85,39.9,40.3,15680423,632692705,8283,+0.55,35.16428665861866
20200430,40.95,41.4,40.05,40.8,16963524,690533960,9028,+0.50,35.60056813080996
20200504,40.05,42.2,39.75,41.8,20887395,865951877,11162,+1.00,36.47313107519255
20200505,42.4,43.2,41.5,42.0,19930562,844931504,9989,+0.20,36.64764366406907
20200506,42.2,42.25,41.1,41.5,11075393,461233103,6265,-0.50,36.21136219187778
20200507,41.95,42.3,41.35,41.95,8816723,367988762,4310,+0.45,36.60401551684994
20200508,42.8,42.9,40.65,40.7,23254423,962757901,11780,-1.25,35.5133118363717
20200511,41.1,41.3,40.15,40.85,10997331,449288165,5763,+0.15,35.644196278029085
20200512,40.6,41.3,40.05,40.55,7358885,299233508,3754,-0.30,35.382427394714306
20200513,40.5,40.95,40.1,40.55,5402770,219002217,2929, 0.00,35.382427394714306
20200514,40.65,40.95,39.15,39.15,7602689,304241665,4148,-1.40,34.16083927257867
20200515,39.85,40.2,38.05,38.4,10973663,427025886,5948,-0.75,33.506417064291725
20200518,37.4,38.3,36.6,36.95,12979504,482000243,7258,-1.45,32.24120079493696
20200519,37.65,37.9,37.05,37.2,5658412,211191084,3284,+0.25,32.45934153103262
20200520,37.4,37.9,36.9,37.8,5400765,202195814,3083,+0.60,32.982879297662166
20200521,38.2,39.5,38.05,39.5,11787362,460228633,5746,+1.70,34.46623630311258
20200522,39.1,39.15,37.0,37.35,13415642,510849348,7141,-2.15,32.59022597269001
20200525,37.2,37.6,36.5,37.55,10083233,372350780,6198,+0.20,32.76473856156651
20200526,37.9,38.45,37.35,37.9,7440004,282405590,4296,+0.35,33.07013559210043
20200527,38.15,38.35,37.55,37.6,5346630,202940431,2795,-0.30,32.80836670878565
20200528,38.2,39.6,38.2,38.6,22839407,890440015,11731,+1.00,33.68092965316825
20200529,38.6,39.95,38.2,39.95,9431397,367758225,4646,+1.35,34.858889628084754
20200601,39.75,40.65,39.25,40.55,16485098,661412165,8364,+0.60,35.382427394714306
20200602,41.1,42.05,40.7,41.7,24609443,1020265935,13097,+1.15,36.38587478075429
20200603,42.1,42.3,41.4,42.1,14675453,615641097,7101,+0.40,36.734899958507334
20200604,42.2,42.45,40.7,40.85,13500517,556706592,6577,-1.25,35.644196278029085
20200605,40.9,41.3,40.35,40.9,6839269,279486545,3484,+0.05,35.687824425248216
20200608,41.6,41.7,40.85,40.85,6666912,274698219,3048,-0.05,35.644196278029085
20200609,41.8,42.8,41.0,41.0,26562866,1111374006,13228,+0.15,35.77508071968648
20200610,40.9,41.85,40.6,41.7,10514166,434094524,5263,+0.70,36.38587478075429
20200611,41.6,41.95,39.5,39.75,13738001,557131784,7164,-1.95,34.68437703920823
20200612,38.3,39.3,38.15,39.3,6894115,267513078,3866,-0.45,34.29172371423606
20200615,39.3,40.3,38.75,39.4,5146150,203941806,3465,+0.10,34.37898000867433
20200616,40.1,40.8,39.8,40.7,5438457,219923430,2991,+1.30,35.5133118363717
20200617,40.9,41.5,40.55,40.95,5590227,229304998,2928,+0.25,35.731452572467354
20200618,41.15,41.55,40.8,41.4,5414683,223600684,2847,+0.45,36.12410589743952
20200619,41.75,42.15,41.35,41.35,9576734,399820973,4540,-0.05,36.08047775022038
20200622,41.8,42.45,41.1,41.25,11168856,466282503,5710,-0.10,35.99322145578213
20200623,41.4,42.1,40.85,41.25,10472909,435332642,4796, 0.00,35.99322145578213
20200624,41.35,41.65,40.7,40.95,10202404,418669888,4827,-0.30,35.731452572467354
20200629,40.3,41.5,40.1,40.75,6328663,258319762,3405,-0.20,35.55693998359084
20200630,41.1,41.75,40.8,41.75,8786416,363833410,4118,+1.00,36.42950292797343
20200701,42.15,43.0,42.05,42.45,18046390,768797692,9825,+0.70,37.04029698904125
20200702,43.05,43.65,41.6,41.85,20942735,886392450,11891,-0.60,36.51675922241169
20200703,41.5,41.55,40.5,40.85,13717356,562680996,7206,-1.00,35.644196278029085
20200706,41.1,41.7,40.95,41.35,9572143,395910449,4146,+0.50,36.08047775022038
20200707,41.6,41.8,40.4,40.6,9890576,404314179,5345,-0.75,35.426055541933444
20200708,40.35,43.1,40.2,42.6,28988387,1218517354,13809,+2.00,37.17118143069863
20200709,43.0,43.4,42.15,43.15,22922114,982330088,10888,+0.55,37.65109105010907
20200710,44.0,45.35,42.0,42.0,54503772,2394408924,26290,-1.15,36.64764366406907
20200713,42.7,45.4,42.25,45.4,32589399,1444361214,16487,+3.40,39.61435767496991
20200714,45.7,45.95,44.15,45.0,25840600,1162777415,13144,-0.40,39.26533249721686
20200715,45.8,48.75,44.6,45.2,63242154,2958700589,31995,+0.20,39.439845086093385
20200716,46.3,47.45,45.25,47.45,37429915,1741735846,18032,+2.25,41.40311171095423
20200717,48.0,48.3,45.9,46.45,28969291,1358067052,15207,-1.00,40.53054876657163
20200720,46.8,47.25,45.05,46.9,16351032,758490443,7892,+0.45,40.92320209154379
20200721,47.6,49.4,47.5,48.3,36733773,1783201662,19205,+1.40,42.14479021367943
20200722,49.0,52.4,48.5,52.3,48741700,2478993935,23019,+4.00,45.635041991209825
20200723,53.0,53.5,50.5,50.9,35922090,1853347356,18419,-1.40,44.413453869074196
20200724,50.4,50.6,48.05,48.55,24528284,1207032769,12556,-2.35,42.36293094977509
20200727,49.2,49.5,47.0,47.95,14914678,718243644,7352,-0.60,41.83939318314553
20200728,48.4,48.45,45.65,46.0,19941245,935348270,9726,-1.95,40.13789544159946
20200729,46.3,47.75,46.05,46.2,13817366,645659154,6779,+0.20,40.312408030475986
20200730,46.5,47.15,46.1,46.25,8408909,390395381,4244,+0.05,40.35603617769512
20200731,46.5,47.45,45.85,47.2,12175669,566851874,6509,+0.95,41.18497097485859
20200803,46.8,47.25,45.8,45.85,10128738,469180869,5802,-1.35,40.00701099994208
20200804,46.05,46.35,45.0,45.3,9846295,446644668,5066,-0.55,39.52710138053164
20200805,45.65,47.45,45.6,47.3,14075127,657724758,7996,+2.00,41.27222726929684
20200806,47.3,47.4,46.1,46.55,11068048,515876278,6215,-0.75,40.617805061009896
20200807,46.3,47.35,46.2,47.05,9259815,434675277,4963,+0.50,41.054086533201186
20200810,51.6,51.6,47.0,47.2,46918478,2324416400,21834,+0.15,41.18497097485859
20200811,47.4,47.65,45.3,46.05,20656719,955910052,11161,-1.15,40.181523588818585
20200812,46.7,50.6,46.55,50.6,50478437,2482467082,24305,+4.55,44.15168498575941
20200813,52.0,55.6,51.6,55.6,76290819,4176077296,27195,+5.00,48.5144997076724
20200814,56.0,57.5,54.1,56.6,66705982,3727854952,32900,+1.00,49.38706265205499
20200817,56.6,59.7,56.3,56.5,45000980,2582842459,23921,-0.10,49.299806357616724
20200818,57.1,58.1,55.7,57.2,22359879,1272099066,11604,+0.70,49.91060041868456
20200819,58.5,62.9,57.2,62.9,50488027,3063664071,23988,+5.70,54.88420920166535
20200820,63.7,65.7,56.7,58.5,97706128,5980619014,49922,-4.40,51.04493224638192
20200821,60.6,64.3,59.8,63.8,61048862,3800241480,32145,+5.30,55.66951585160969
20200824,64.0,67.6,63.1,64.7,64457939,4222939431,34524,+0.90,56.45482250155402
20200825,66.3,68.5,65.8,68.5,54875700,3683054932,28908,+3.80,59.770561690207906
20200826,68.0,69.3,67.0,67.7,28456562,1935275716,15762,-0.80,59.07251133470183
20200827,68.6,70.0,66.4,67.4,38569044,2632550656,21059,-0.30,58.81074245138704
20200828,67.5,67.6,63.4,64.6,32690109,2121825737,18123,-2.80,56.36756620711576
20200831,67.5,70.3,66.6,70.2,61919899,4253498478,31229,+5.60,61.253918695658314
20200901,69.9,70.1,66.8,67.2,31559650,2138971066,16962,-3.00,58.636229862510525
20200902,67.5,68.6,66.2,67.8,20456329,1377695498,11205,+0.60,59.159767629140084
20200903,68.8,70.6,66.8,67.1,32928041,2258554842,18190,-0.70,58.54897356807226
20200904,65.6,69.6,65.0,68.1,32799871,2226062904,16905,+1.00,59.42153651245486
20200907,68.2,69.2,65.6,66.2,17185526,1155827606,8973,-1.90,57.763666918127925
20200908,66.3,67.1,63.5,65.0,20753411,1340390215,11820,-1.20,56.7165913848688
20200909,64.2,65.3,63.2,64.2,11151510,717143028,6250,-0.80,56.01854102936273
20200910,64.8,66.2,64.0,64.1,14229321,924109744,7973,-0.10,55.931284734924475
20200911,64.1,64.2,62.1,62.5,10442995,657952283,5950,-1.60,54.535184023912315
20200914,63.0,65.3,62.7,64.6,10514505,675624416,5962,+2.10,56.36756620711576
20200915,64.6,66.6,64.2,65.3,14217975,931905166,7825,+0.70,56.97836026818358
20200916,66.3,67.2,65.6,66.4,13287565,882852005,7184,+1.10,57.938179507004435
20200917,67.5,69.3,67.0,67.6,27808599,1894571785,15016,+1.20,58.98525504026355
20200918,68.1,69.6,67.3,67.3,15426676,1057015085,8119,-0.30,58.723486156948766
20200921,68.8,69.9,68.1,68.4,17982606,1242575413,9898,+1.10,59.68330539576964
20200922,69.2,70.4,68.1,68.7,24647272,1709217969,14382,+0.30,59.94507427908441
20200923,69.0,74.0,68.1,71.0,50970214,3632695894,28316,X0.00,63.14688833553403
20200924,70.2,71.9,65.0,65.3,41970199,2871277783,23848,-5.70,58.07734941282214
20200925,66.4,68.1,63.5,65.2,35583457,2360821288,20054,-0.10,57.98841013347632
20200928,67.0,67.1,63.7,65.0,24767802,1614328886,13519,-0.20,57.81053157478468
20200929,65.3,67.2,65.0,66.4,21351788,1412070581,11387,+1.40,59.055681485626195
20200930,66.5,67.2,64.0,67.1,20699810,1357841870,11225,+0.70,59.67825644104694
20201005,67.1,68.0,66.0,68.0,12619680,849041902,7076,+0.90,60.478709955159346
20201006,68.8,70.0,67.6,68.4,19501541,1337800008,11062,+0.40,60.83446707254265
20201007,67.6,69.4,67.6,69.2,10175438,700068222,5970,+0.80,61.54598130730922
20201008,69.9,69.9,68.0,68.0,13203420,906224760,6929,-1.20,60.478709955159346
20201012,68.2,70.0,68.0,69.8,17181193,1192434341,9053,+1.80,62.07961698338415
20201013,69.8,70.0,68.6,69.9,7754054,537776964,4580,+0.10,62.16855626272997
20201014,69.6,74.5,69.3,74.5,35469951,2579801927,19894,+4.60,66.2597631126378
20201015,74.0,74.8,70.0,70.0,34190940,2455216149,18786,-4.50,62.25749554207581
20201016,70.1,70.8,67.8,68.1,16135414,1112186252,9487,-1.90,60.56764923450517
20201019,68.9,70.5,68.3,70.4,10587101,738157200,6222,+2.30,62.61325265945911
20201020,70.4,71.0,69.0,69.2,8091215,563126690,4684,-1.20,61.54598130730922
20201021,69.8,69.9,68.2,68.6,5321758,366781393,3077,-0.60,61.01234563123428
20201022,68.7,68.8,67.0,68.0,7673663,519299884,4701,-0.60,60.478709955159346
20201023,68.6,70.1,68.2,69.6,9897428,688473212,5867,+1.60,61.90173842469251
20201026,70.6,72.4,70.3,70.7,20331274,1449436871,12021,+1.10,62.88007049749657
20201027,70.0,71.3,69.4,70.1,9697843,681694310,5710,-0.60,62.34643482142162
20201028,69.6,70.5,67.9,68.1,9841866,675151652,5819,-2.00,60.56764923450517
20201029,66.8,68.5,65.3,68.0,10082921,673574824,5904,-0.10,60.478709955159346
20201030,67.5,68.8,66.2,67.3,7258718,488686219,4268,-0.70,59.85613499973859
20201102,67.7,67.7,65.8,66.1,5855476,388086408,3430,-1.20,58.78886364758871
20201103,66.7,67.6,66.2,67.3,4883432,327522160,2908,+1.20,59.85613499973859
20201104,67.3,68.4,66.2,68.4,7079035,478061537,4116,+1.10,60.83446707254265
20201105,68.4,69.7,68.0,69.0,9100528,628903296,4821,+0.60,61.368102748617574
20201106,69.8,71.5,67.7,68.0,16775365,1170000401,9380,-1.00,60.478709955159346
20201109,68.9,74.2,68.8,71.7,32611115,2338771486,18113,+3.70,63.7694632909548
20201110,71.5,74.3,70.8,71.8,26780277,1939087095,14959,+0.10,63.85840257030061
20201111,72.1,73.5,69.4,70.0,27368326,1938007967,14518,-1.80,62.25749554207581
20201112,71.2,77.0,70.7,77.0,69346009,5203678043,32009,+7.00,68.48324509628337
20201113,77.8,78.4,74.8,74.9,64769056,4947676380,33820,-2.10,66.6155202300211
20201116,75.8,77.8,75.0,77.3,39512932,3029615153,21482,+2.40,68.75006293432084
20201117,76.6,77.0,73.4,73.9,27238183,2036872006,16037,-3.40,65.72612743656289
20201118,73.5,76.4,73.5,75.6,20861553,1571695485,12620,+1.70,67.23809518544186
20201119,75.6,77.7,75.5,77.0,22809060,1752240397,13314,+1.40,68.48324509628337
20201120,77.0,79.9,76.3,76.5,36219345,2815966839,20682,-0.50,68.03854869955427
20201123,76.1,77.5,75.7,77.2,12519302,960648615,7135,+0.70,68.66112365497504
20201124,77.0,77.8,75.6,76.5,10783983,826769775,6482,-0.70,68.03854869955427
20201125,77.0,77.3,74.1,74.9,11683842,882927477,6811,-1.60,66.6155202300211
20201126,75.3,75.6,74.0,74.8,9056520,677179095,5481,-0.10,66.52658095067527
20201127,74.5,75.6,73.6,75.0,8443393,628458654,5180,+0.20,66.70445950936693
20201130,75.5,75.5,73.9,73.9,6822578,507404138,4045,-1.10,65.72612743656289
20201201,74.1,74.5,71.8,72.5,11888512,861677758,7285,-1.40,64.48097752572137
20201202,72.9,74.2,72.0,72.2,11558155,840075164,7519,-0.30,64.2141596876839
20201203,72.0,72.4,70.8,71.9,8373042,598887479,5167,-0.30,63.94734184964644
20201204,71.8,72.7,70.8,71.0,8524388,608355892,5150,-0.90,63.14688833553403
20201207,71.4,72.2,70.2,70.7,9441944,669205797,6405,-0.30,62.88007049749657
20201208,70.9,72.7,70.3,72.7,9842077,705694832,6166,+2.00,64.658856084413
20201209,72.7,73.0,71.0,71.4,10978524,786096718,6665,-1.30,63.50264545291732
20201210,70.8,71.0,68.0,69.0,13953789,966995058,8920,-2.40,61.368102748617574
20201211,69.5,70.3,68.3,69.0,6851332,474260208,4396, 0.00,61.368102748617574
20201214,69.0,70.1,68.3,69.4,4308001,298733738,2458,+0.40,61.72385986600086
20201215,69.4,69.4,67.0,67.1,6896664,468271325,4087,-2.30,59.67825644104694
20201216,67.5,68.3,66.8,67.1,8093948,544651818,4555, 0.00,59.67825644104694
20201217,67.3,68.5,67.0,68.1,6729320,455926447,4448,+1.00,60.56764923450517
20201218,67.5,68.3,67.1,67.4,4785449,323683475,3138,-0.70,59.94507427908441
20201221,67.1,67.6,66.1,66.7,3605403,240251789,2087,-0.70,59.322499323663656
20201222,66.8,68.3,66.0,66.1,4831437,325252153,3241,-0.60,58.78886364758871
20201223,66.8,67.7,66.3,67.6,2801745,188251500,1818,+1.50,60.122952837776054
20201224,68.2,68.9,67.9,68.6,4592848,314287774,2701,+1.00,61.01234563123428
20201225,68.4,68.6,67.4,67.6,2887590,196000377,1817,-1.00,60.122952837776054
20201228,68.0,68.2,66.7,66.8,4683399,314137609,3073,-0.80,59.41143860300948
20201229,66.9,67.6,66.7,67.0,3711064,248906528,2024,+0.20,59.589317161701125
20201230,67.1,67.6,66.1,66.5,4503616,299898771,2915,-0.50,59.144620764972004
20201231,66.5,67.0,65.6,66.1,4486371,296638303,3035,-0.40,58.78886364758871
20210104,66.3,67.5,62.8,67.5,17235229,1122718935,10000,+1.40,60.03401355843024
20210105,65.6,66.7,65.0,65.7,9854918,646948412,5256,-1.80,58.433106530205436
20210106,66.0,67.0,64.0,64.3,9586822,625509717,5230,-1.40,57.18795661936391
20210107,64.7,65.9,64.7,65.4,5013755,327491083,2846,+1.10,58.16628869216797
20210108,65.6,68.8,65.6,67.9,18679426,1261965810,11126,+2.50,60.38977067581354
20210111,67.6,67.6,66.2,67.0,5618015,375169596,3513,-0.90,59.589317161701125
20210112,66.8,69.8,66.6,68.1,20237214,1387744458,12179,+1.10,60.56764923450517
20210113,68.0,72.0,67.7,71.0,26344395,1856755803,15375,+2.90,63.14688833553403
20210114,73.1,76.0,72.0,75.5,47984160,3578709170,26262,+4.50,67.14915590609604
20210115,76.4,76.5,72.7,74.7,21778508,1622237480,12485,-0.80,66.43764167132946
20210118,75.4,76.0,73.1,73.5,18666387,1387706639,10733,-1.20,65.3703703191796
20210119,74.4,75.1,72.4,72.9,10513300,777498532,6139,-0.60,64.83673464310465
20210120,72.5,73.2,67.9,68.2,13761278,963378111,7777,-4.70,60.65658851385099
20210121,69.9,71.9,68.5,69.3,9705657,678733295,5760,+1.10,61.634920586655056
20210122,68.7,70.4,68.2,70.2,5986874,415857723,3779,+0.90,62.43537410076745
20210125,69.5,70.5,68.7,69.6,3874792,270126790,2373,-0.60,61.90173842469251
20210126,70.4,70.7,68.2,68.3,4284747,296739441,2660,-1.30,60.74552779319681
20210127,68.9,69.2,67.6,68.8,3500842,239989410,2192,+0.50,61.19022418992593
20210128,67.4,67.8,66.0,66.1,8921155,594640120,5015,-2.70,58.78886364758871
20210129,67.1,67.8,65.7,65.9,4973883,332319698,3248,-0.20,58.61098508889708
20210201,65.7,66.2,63.8,65.2,4571163,296437115,2628,-0.70,57.98841013347632
20210202,65.5,66.6,64.8,65.9,4026273,264296040,2251,+0.70,58.61098508889708
20210203,65.9,66.4,65.1,65.4,2751624,180776065,1660,-0.50,58.16628869216797
20210204,65.0,65.8,64.2,64.3,3356050,216736656,2199,-1.10,57.18795661936391
20210205,65.0,65.1,64.0,64.4,2745248,177107928,1630,+0.10,57.276895898709746
20210217,65.7,67.3,65.3,66.9,4096788,272392870,2795,+2.50,59.50037788235531
20210218,67.0,67.8,66.2,67.6,3460470,232796122,2209,+0.70,60.122952837776054
20210219,67.7,69.0,67.4,68.3,4271980,292335394,2704,+0.70,60.74552779319681
20210222,68.8,69.0,67.7,68.7,3553066,242754631,2423,+0.40,61.10128491058012
20210223,68.1,68.6,67.6,68.2,3174389,215916980,1938,-0.50,60.65658851385099
20210224,68.0,68.5,66.8,66.8,3809400,256823725,2315,-1.40,59.41143860300948
20210225,67.6,68.2,66.6,66.9,2974833,199828701,1949,+0.10,59.50037788235531
20210226,66.0,68.9,65.8,66.4,10267460,691343940,5953,-0.50,59.055681485626195
20210302,67.3,67.4,65.5,65.6,3901523,257877598,2565,-0.80,58.344167250859606
20210303,65.8,66.0,64.6,65.5,2789585,181744742,1865,-0.10,58.25522797151378
20210304,65.0,65.5,64.2,64.5,3744393,241689925,2583,-1.00,57.365835178055555
20210305,63.5,64.2,63.5,63.7,2939155,187395883,2135,-0.80,56.65432094328899
20210308,64.4,64.5,62.8,63.2,2940555,186884612,1920,-0.50,56.20962454655987
20210309,62.8,63.5,61.0,61.4,5744835,354226305,3827,-1.80,54.608717518335055
20210310,62.2,62.4,61.1,61.3,4166643,256348140,2806,-0.10,54.51977823898924
20210311,62.0,63.0,61.9,63.0,5383020,336042026,3171,+1.70,56.03174598786823
20210312,64.5,64.6,63.2,64.2,4446923,284419867,2795,+1.20,57.099017340018094
20210315,64.2,64.3,63.1,63.6,3080230,195774698,2080,-0.60,56.565381663943164
20210316,63.7,64.2,63.3,63.8,2635184,168188371,1760,+0.20,56.743260222634795
20210317,64.1,64.8,63.8,64.4,3063840,197203350,1980,+0.60,57.276895898709746
20210318,64.7,65.2,64.3,65.2,3424123,221825735,2217,+0.80,57.98841013347632
20210319,64.6,65.0,64.3,64.8,2109432,136314613,1355,-0.40,57.63265301609302
20210322,65.0,65.9,64.4,65.5,3221681,210531914,2127,+0.70,58.25522797151378
20210323,66.5,67.9,66.1,67.8,12210771,820030681,7112,+2.30,60.3008313964677
20210324,67.9,68.0,66.2,66.2,8610269,575800574,4991,-1.60,58.87780292693455
20210325,66.8,67.6,66.4,67.2,6109181,409873963,3562,+1.00,59.76719572039278
20210326,67.8,68.2,66.8,67.2,16591142,1068565807,4342, 0.00,59.76719572039278
20210329,67.2,67.5,66.3,66.5,14874991,973351426,3769,-0.70,59.144620764972004
20210330,67.0,67.2,66.4,66.7,4665372,311609362,2571,+0.20,59.322499323663656
20210331,67.0,68.4,66.3,68.2,10320405,697008635,6371,+1.50,60.65658851385099
20210401,69.0,69.3,67.0,67.4,13772273,936128785,6833,-0.80,59.94507427908441
20210406,68.4,68.4,67.2,67.7,5074915,343263852,2965,+0.30,60.21189211712189
20210407,67.9,69.4,67.5,68.9,10461536,716836702,5872,+1.20,61.279163469271765
20210408,69.4,73.0,69.4,72.4,27568139,1975130031,15283,+3.50,64.39203824637555
20210409,72.7,73.6,69.2,69.5,21786048,1541153077,12371,-2.90,61.812799145346695
20210412,70.5,70.6,68.3,68.7,6876491,474026369,4348,-0.80,61.10128491058012
20210413,69.3,70.8,68.9,69.1,7288266,508682130,4288,+0.40,61.457042027963396
20210414,70.0,70.1,65.2,67.8,8712516,588485747,4962,-1.30,60.3008313964677
20210415,68.3,68.8,67.4,68.3,2399900,163874344,1599,+0.50,60.74552779319681
20210416,68.7,68.9,67.8,68.4,3599419,245501001,1968,+0.10,60.83446707254265
20210419,68.8,69.3,67.9,69.2,3935761,270460845,2611,+0.80,61.54598130730922
20210420,69.0,70.5,68.5,69.9,5578796,388276712,3397,+0.70,62.16855626272997
20210421,69.6,69.8,68.7,69.1,3786774,261829413,2581,-0.80,61.457042027963396
20210422,69.4,69.5,66.6,66.6,5920196,401202078,3694,-2.50,59.23356004431783
20210423,66.8,67.5,65.8,66.6,4693244,312510418,2988, 0.00,59.23356004431783
20210426,67.2,70.1,67.1,69.6,13690250,948233605,6938,+3.00,61.90173842469251
20210427,69.8,72.3,69.8,70.5,19604885,1393277600,10050,+0.90,62.702191938804916
20210428,70.6,71.8,69.4,71.7,9440688,669343197,5085,+1.20,63.7694632909548
20210429,71.7,72.5,70.2,71.2,10432796,741709828,5204,-0.50,63.32476689422567
20210503,70.8,72.2,68.0,68.1,12476734,876556011,6562,-3.10,60.56764923450517
20210504,69.0,69.8,64.0,67.6,9447677,626822401,5132,-0.50,60.122952837776054
20210505,67.6,71.2,66.0,69.2,15747007,1102357362,8680,+1.60,61.54598130730922
20210506,69.5,71.5,68.0,69.3,13473115,942721328,6878,+0.10,61.634920586655056
20210507,69.9,71.8,69.1,69.9,16580415,1165483820,7767,+0.60,62.16855626272997
20210510,70.5,70.9,67.6,69.2,9951240,682161811,4886,-0.70,61.54598130730922
20210511,67.2,68.0,62.4,63.8,15577172,1008622119,7907,-5.40,56.743260222634795
20210512,63.8,64.3,57.5,57.6,15444982,917160412,7440,-6.20,51.2290249031938
20210513,54.9,60.4,52.5,58.3,10598169,601413400,5641,+0.70,51.851599858614556
20210514,60.9,62.3,58.6,60.3,9383852,567801199,5095,+2.00,53.630385445531005
20210517,55.3,60.6,55.3,57.0,8763871,506473932,4743,-3.30,50.695389227118866
20210518,58.1,62.3,58.1,61.7,7101988,431198942,3668,+4.70,54.87553535637253
20210519,60.9,63.0,60.1,62.2,6553944,403351320,3804,+0.50,55.320231753101645
20210520,61.4,62.6,60.7,60.9,3712212,228596371,2231,-1.30,54.16402112160595
20210521,62.0,65.4,62.0,64.9,9097061,581708277,5289,+4.00,57.72159229543885
20210524,64.9,67.1,64.0,66.7,6907061,455066226,4449,+1.80,59.322499323663656
20210525,67.1,69.2,66.5,68.0,11831126,805003626,6615,+1.30,60.478709955159346
20210526,68.8,69.6,67.3,68.6,5102105,349016972,3271,+0.60,61.01234563123428
20210527,68.1,72.0,67.8,70.3,15852147,1116852205,8266,+1.70,62.52431338011326
20210528,71.0,72.3,70.4,71.6,11603873,829655341,6528,+1.30,63.68052401160897
20210531,72.5,74.7,72.0,73.4,16673145,1220311459,8615,+1.80,65.28143103983376
20210601,74.5,74.5,71.5,72.4,9808236,713883755,5583,-1.00,64.39203824637555
20210602,72.1,72.9,70.6,71.6,10094092,724180688,5048,-0.80,63.68052401160897
20210603,72.3,72.8,71.4,72.7,6081035,438758014,3146,+1.10,64.658856084413
20210604,72.7,73.2,70.2,70.3,7337486,523563763,4014,-2.40,62.52431338011326
20210607,71.3,74.8,70.3,72.0,19355672,1408776220,10154,+1.70,64.03628112899224
20210608,73.0,79.2,72.5,75.2,68553576,5238424329,31662,+3.20,66.88233806805856
20210609,74.0,75.2,70.2,71.1,43693878,3175355662,23387,-4.10,63.23582761487985
20210610,70.8,72.3,69.2,71.6,19476847,1382595659,11497,+0.50,63.68052401160897
20210611,71.5,72.3,70.3,70.3,6782493,481893659,4132,-1.30,62.52431338011326
20210615,70.0,71.5,69.4,70.9,6805641,479140838,3853,+0.60,63.057949056188214
20210616,70.8,71.6,69.7,69.9,5590693,395335514,3255,-1.00,62.16855626272997
20210617,69.6,71.0,68.8,70.7,6255961,437826086,3419,+0.80,62.88007049749657
20210618,71.4,77.5,70.8,77.2,49121248,3687762795,24681,+6.50,68.66112365497504
20210621,76.7,82.8,74.8,82.0,73104765,5797458113,40598,+4.80,72.93020906357448
20210622,83.3,86.5,80.2,82.0,65085697,5446308748,35813, 0.00,72.93020906357448
20210623,83.4,84.7,79.9,82.0,30332301,2494539161,15959, 0.00,72.93020906357448
20210624,83.4,85.4,82.0,82.3,29108031,2432875496,16123,+0.30,73.19702690161198
20210625,82.8,83.4,79.0,80.7,22524182,1821903193,13203,-1.60,71.77399843207883
20210628,81.0,82.7,79.1,81.1,24342393,1979355978,12749,+0.40,72.1297555494621
20210629,83.0,83.3,79.5,81.0,20774383,1686551054,10201,-0.10,72.0408162701163
20210630,81.9,82.6,79.2,80.7,15620599,1260486198,7974,-0.30,71.77399843207883
20210701,80.7,81.6,79.5,79.5,12248820,984105124,6737,-1.20,70.70672707992895
20210702,79.5,79.7,76.9,78.7,18179979,1424346524,9961,-0.80,69.99521284516237
20210705,80.0,81.8,78.8,79.0,19795826,1585055347,10229,+0.30,70.26203068319984
20210706,79.1,79.2,77.3,77.6,13733431,1071772298,7689,-1.40,69.01688077235832
20210707,78.0,83.0,77.9,82.1,34898724,2831531874,20845,+4.50,73.01914834292033
20210708,82.8,84.6,81.2,82.7,32179597,2671277607,19102,+0.60,73.55278401899527
20210709,81.4,82.5,79.6,80.4,14091771,1138842431,9221,-2.30,71.50718059404136
20210712,79.9,80.7,78.0,79.0,17570809,1386468248,10746,-1.40,70.26203068319984
20210713,79.3,82.7,79.0,79.8,19561893,1582662255,11717,+0.80,70.97354491796641
20210714,79.6,81.4,79.0,80.5,9014103,723255846,5951,+0.70,71.59611987338718
20210715,80.6,80.9,78.6,79.1,8703924,690828118,5426,-1.40,70.35096996254565
20210716,78.7,80.4,78.5,79.3,13118055,1041729446,5380,+0.20,70.52884852123731
20210719,79.2,79.9,77.5,77.7,8811867,688317903,6126,-1.60,69.10582005170413
20210720,76.5,76.5,73.4,75.3,14968656,1122999613,9320,-2.40,66.9712773474044
20210721,76.1,77.3,74.6,74.6,8678152,657636830,5389,-0.70,66.34870239198364
20210722,75.5,76.6,74.9,75.0,5942695,448737036,3711,+0.40,66.70445950936693
20210723,75.5,76.7,74.2,74.8,5815472,437874631,3467,-0.20,66.52658095067527
20210726,75.2,76.4,74.7,75.6,4484484,339870230,2706,+0.80,67.23809518544186
20210727,76.1,76.6,74.2,75.1,5508543,414839922,3202,-0.50,66.79339878871275
20210728,74.6,75.6,71.5,74.8,7242053,532601538,4351,-0.30,66.52658095067527
20210729,75.0,75.4,73.9,74.9,3660927,272726764,2341,+0.10,66.6155202300211
20210730,74.9,75.2,73.7,75.2,4174525,310176436,2597,+0.30,66.88233806805856
20210802,75.3,75.4,73.8,75.0,4134027,307595229,2242,-0.20,66.70445950936693
20210803,75.1,78.0,74.0,77.7,10228340,787152022,6236,+2.70,69.10582005170413
20210804,78.0,79.2,77.6,77.8,8548748,669756350,5442,+0.10,69.19475933104997
20210805,77.8,78.2,75.8,76.8,5807981,445055205,4284,-1.00,68.30536653759175
20210806,76.9,79.5,76.3,79.4,10212831,799502025,5471,+2.60,70.61778780058313
20210809,78.4,80.8,75.6,76.8,23525912,1839423130,13965,-2.60,68.30536653759175
20210810,76.8,77.3,71.9,73.0,20382571,1499450464,12492,-3.80,64.92567392245047
20210811,73.4,74.3,71.7,72.3,8345969,607156051,5040,-0.70,64.30309896702973
20210812,72.7,73.9,72.0,72.5,5906246,429165985,3838,+0.20,64.48097752572137
20210813,72.4,73.2,70.6,71.0,5359629,383381883,3421,-1.50,63.14688833553403
20210816,70.5,71.3,67.2,69.5,11914946,816290369,5926,-1.50,61.812799145346695
20210817,70.3,70.3,67.4,67.8,5243289,358857446,3190,-1.70,60.3008313964677
20210818,67.4,70.9,66.8,70.7,6405687,442976404,3896,+2.90,62.88007049749657
20210819,70.2,71.9,69.5,69.8,5181609,366322005,3544,-0.90,62.07961698338415
20210820,70.8,71.9,69.5,70.9,4134383,292981845,2504,+1.10,63.057949056188214
20210823,72.1,72.5,71.2,72.4,4477072,322768063,2490,+1.50,64.39203824637555
20210824,70.6,71.0,68.9,69.8,5242099,366372262,3073,X0.00,64.57707283903754
20210825,70.2,70.8,69.8,70.5,4025960,283297943,2680,+0.70,65.22469391335454
20210826,70.6,70.8,69.5,69.8,3499042,244608358,2188,-0.70,64.57707283903754
20210827,69.7,69.8,68.6,69.0,2961744,204760731,1865,-0.80,63.836934468389536
20210830,69.4,69.7,68.3,69.7,2071993,142982966,1419,+0.70,64.48455554270654
20210831,69.8,69.9,69.0,69.5,1675969,116369281,1175,-0.20,64.29952095004454
20210901,69.9,74.0,69.8,73.1,16115825,1171932092,9563,+3.60,67.63014361796051
20210902,73.5,75.4,73.3,74.9,13557448,1011236762,8082,+1.80,69.29545495191852
20210903,76.0,77.2,75.2,75.3,17076713,1298277041,10366,+0.40,69.6655241372425
20210906,75.7,77.3,74.7,76.4,13241627,1012236737,7431,+1.10,70.6832143968835
20210907,77.5,78.9,75.1,76.6,20953448,1606820613,12423,+0.20,70.86824898954549
20210908,75.1,76.1,73.1,73.5,9550635,710517117,5902,-3.10,68.00021280328453
20210909,73.3,75.7,73.1,75.1,5198558,388756239,3178,+1.60,69.4804895445805
20210910,76.3,77.0,74.5,75.3,9153012,692069853,5313,+0.20,69.6655241372425
20210913,75.7,76.3,74.2,74.3,3746230,281041817,2467,-1.00,68.74035117393251
20210914,75.1,75.5,74.2,74.7,2939591,220254641,1968,+0.40,69.11042035925652
20210915,74.7,75.0,73.0,73.9,3425324,253796637,2350,-0.80,68.37028198860853
20210916,74.8,76.7,74.4,76.3,8212428,622197394,4773,+2.40,70.5906971005525
20210917,76.3,79.0,76.2,78.8,23048714,1796824237,14498,+2.50,72.90362950882749
20210922,77.0,80.4,76.8,79.8,28306791,2245705304,17627,+1.00,73.82880247213747
20210923,79.5,83.3,79.4,83.3,38620663,3151480790,21549,+3.50,77.06690784372245
20210924,84.4,85.4,81.6,83.7,41738123,3488516871,25013,+0.40,77.43697702904645
20210927,83.8,85.5,83.1,84.3,20629729,1739157070,12183,+0.60,77.99208080703247
20210928,84.0,85.3,79.0,79.8,32930760,2678554198,19832,-4.50,73.82880247213747
20210929,78.1,80.7,78.1,79.0,14953985,1186681504,8931,-0.80,73.08866410148948
20210930,79.0,79.6,77.4,79.2,12124010,955207364,7465,+0.20,73.27369869415149
20211001,78.2,78.2,72.5,73.6,19332054,1454277623,11523,-5.60,68.09273009961551
20211004,74.9,75.7,73.2,73.6,11616773,866250682,6766, 0.00,68.09273009961551
20211005,71.7,75.6,71.5,75.6,11975012,887595627,6430,+2.00,69.94307602623549
20211006,76.0,76.3,73.2,73.8,8308300,620440570,5199,-1.80,68.27776469227751
20211007,74.9,77.0,74.7,76.5,8018423,610770881,4942,+2.70,70.77573169321448
20211008,76.5,77.0,75.0,75.9,4799941,364847034,3100,-0.60,70.2206279152285
20211012,75.6,75.7,73.0,73.0,5639149,417448474,3655,-2.90,67.53762632162952
20211013,74.4,75.0,71.2,71.8,9201200,670610481,5999,-1.20,66.42741876565754
20211014,72.9,72.9,71.4,71.4,4764914,342401263,3120,-0.40,66.05734958033354
20211015,73.0,73.5,72.5,72.9,3343363,243977550,2400,+1.50,67.44510902529854
20211018,73.6,73.9,72.3,73.1,2973647,217174106,1843,+0.20,67.63014361796051
20211019,74.2,75.6,73.7,75.6,5919884,444109583,4020,+2.50,69.94307602623549
20211020,75.6,76.2,74.9,75.5,4388962,331225697,2822,-0.10,69.85055872990452
20211021,75.8,79.3,75.8,77.3,16125652,1252775856,9910,+1.80,71.5158700638625
20211022,79.0,85.0,78.7,85.0,72963671,6079966861,33467,+7.70,78.63970188134944
20211025,85.3,86.5,82.7,84.3,52401389,4439138956,30682,-0.70,77.99208080703247
20211026,83.2,83.6,80.5,82.1,25563308,2085937224,14786,-2.20,75.95670028775045
20211027,82.1,82.9,79.5,82.1,20351694,1652207929,11572, 0.00,75.95670028775045
20211028,82.4,83.9,80.9,81.0,20640837,1699713086,11931,-1.10,74.93901002810946
20211029,81.2,83.2,80.4,82.9,13254369,1088947813,7570,+1.90,76.69683865839846
20211101,82.9,83.8,81.8,82.2,12710858,1050340208,8622,-0.70,76.04921758408145
20211102,82.7,84.6,79.6,80.2,18661998,1526018586,12143,-2.00,74.19887165746148
20211103,80.1,81.6,79.5,81.3,6371019,514512428,4540,+1.10,75.21656191710247
20211104,81.3,81.9,80.1,80.1,5151833,414981010,3702,-1.20,74.10635436113047
20211105,80.7,80.9,78.6,80.9,6901116,551609621,4249,+0.80,74.84649273177847
20211108,81.1,81.3,79.5,80.4,3876700,311137361,2561,-0.50,74.38390625012347
20211109,81.9,88.0,81.5,87.5,47488063,4082442673,25642,+7.10,80.95263428962443
20211110,87.2,88.7,85.5,88.4,27552498,2414441258,15206,+0.90,81.78528995660344
20211111,87.8,91.6,86.8,89.4,25611106,2289665026,16532,+1.00,82.71046291991343
20211112,87.3,88.3,81.0,81.5,35196116,2937524553,21582,-7.90,75.40159650976446
20211115,81.5,82.9,80.6,81.2,14686451,1195903321,9035,-0.30,75.12404462077147
20211116,81.1,82.3,80.8,82.0,6798092,554572986,4302,+0.80,75.86418299141947
20211117,81.8,82.8,81.1,82.5,6051490,497307199,3866,+0.50,76.32676947307446
20211118,82.9,85.1,82.7,83.5,13271145,1116372876,8698,+1.00,77.25194243638445
20211119,84.3,89.5,84.2,87.6,30712372,2685056597,19044,+4.10,81.04515158595542
20211122,89.1,92.3,86.3,88.4,33158651,2950818545,23949,+0.80,81.78528995660344
20211123,87.8,91.8,86.8,89.5,25403613,2273723595,16131,+1.10,82.80298021624442
20211124,90.0,90.9,86.8,87.3,16523615,1461832993,12289,-2.20,80.76759969696244
20211125,87.5,87.6,85.1,85.8,10050859,864749608,7368,-1.50,79.37984025199744
20211126,84.9,86.6,84.0,85.4,7807749,664125431,4843,-0.40,79.00977106667345
20211129,83.6,87.1,82.4,86.5,10454172,888909725,6584,+1.10,80.02746132631444
20211130,87.2,89.2,87.1,88.4,10485616,924984072,6728,+1.90,81.78528995660344
20211201,87.7,89.8,87.2,88.5,9711063,861268767,6081,+0.10,81.8778072529344
20211202,87.9,88.4,86.0,86.0,7015334,610257222,4911,-2.50,79.56487484465944
20211203,86.9,88.7,86.8,87.7,7121566,627127374,4356,+1.70,81.13766888228642
20211206,88.1,89.5,87.3,89.2,7157128,634796535,5312,+1.50,82.5254283272514
20211207,89.1,89.6,87.5,87.6,6030426,532152990,4796,-1.60,81.04515158595542
20211208,88.4,89.6,87.9,89.3,6807725,605491563,4170,+1.70,82.61794562358241
20211209,90.8,96.4,88.4,88.7,46937949,4328626352,30467,-0.60,82.06284184559642
20211210,88.9,90.2,87.1,87.8,9937813,876494935,8994,-0.90,81.23018617861743
20211213,87.5,89.4,87.2,89.1,5315593,469368041,3724,+1.30,82.4329110309204
20211214,88.6,88.9,86.6,87.0,4686571,409362366,3554,-2.10,80.49004780796943
20211215,86.6,87.4,85.8,86.7,4146305,359511732,2735,-0.30,80.21249591897643
20211216,88.0,89.5,87.5,89.2,6249464,553672853,4366,+2.50,82.5254283272514
20211217,88.5,88.8,86.8,86.9,3961987,346963834,3623,-2.30,80.39753051163844
20211220,86.0,86.9,85.0,85.1,5012428,429071027,3606,-1.80,78.73221917768045
20211221,85.1,86.7,84.2,86.0,3309109,283740208,2292,+0.90,79.56487484465944
20211222,86.2,87.2,86.2,87.1,2167835,188032513,1673,+1.10,80.58256510430043
20211223,87.6,88.3,86.8,87.0,3510557,306922480,2806,-0.10,80.49004780796943
20211224,87.7,88.6,87.4,87.7,3644171,320807050,2593,+0.70,81.13766888228642
20211227,88.0,88.4,87.2,87.5,1499313,131550499,1669,-0.20,80.95263428962443
20211228,88.0,88.5,87.7,87.7,2205655,194393886,2150,+0.20,81.13766888228642
20211229,87.9,89.2,87.5,88.7,3995724,353314756,2759,+1.00,82.06284184559642
20211230,89.1,89.1,87.8,88.2,2137479,188913014,2090,-0.50,81.60025536394143
20220103,88.8,90.6,88.6,89.0,7571385,678897316,5607,+0.80,82.34039373458943
20220104,89.7,90.7,88.4,88.8,6583598,589715061,6486,-0.20,82.15535914192742
20220105,89.0,90.4,88.4,90.2,6599612,592334420,3745,+1.40,83.45060129056141
20220106,89.0,89.5,87.1,89.5,6628406,585714330,5582,-0.70,82.80298021624442
20220107,89.5,89.5,86.1,86.3,6097588,531244601,5523,-3.20,79.84242673365243
20220110,86.1,87.9,85.7,87.4,2658490,231804143,1758,+1.10,80.86011699329343
20220111,87.4,88.5,86.7,86.9,3358483,294695544,2808,-0.50,80.39753051163844
20220112,87.6,87.8,85.8,87.0,2337026,202525671,2188,+0.10,80.49004780796943
20220113,87.5,87.6,85.8,86.1,1861912,160826023,1762,-0.90,79.65739214099041
20220114,86.1,86.1,81.3,83.9,7893993,656829347,8303,-2.20,77.62201162170845
20220117,84.2,89.2,84.2,89.2,9875350,867592506,6291,+5.30,82.5254283272514
20220118,88.2,93.2,88.2,91.2,21387298,1948923329,14194,+2.00,84.37577425387141
20220119,91.1,95.8,90.5,95.7,29566208,2781460057,18197,+4.50,88.53905258876637
20220120,96.0,99.6,93.4,98.0,39745347,3838170979,27357,+2.30,90.66695040437936
20220121,96.1,102.0,96.0,99.2,51902321,5160819939,31065,+1.20,91.77715796035135
20220124,98.5,101.0,94.0,95.0,33123121,3205354137,21315,-4.20,87.8914315144494
20220125,95.0,96.5,92.0,92.3,20588305,1936857717,11612,-2.70,85.39346451351238
20220126,91.6,92.9,90.6,92.8,12386077,1140093405,9702,+0.50,85.85605099516738
20220207,93.0,96.2,90.9,95.4,20857286,1957985305,14146,+2.60,88.26150069977338
20220208,94.2,102.0,94.2,101.5,23268457,2300623110,16583,+6.10,93.90505577596434
20220209,102.5,106.0,101.5,106.0,22519985,2338328696,14153,+4.50,98.0683341108593
20220210,105.0,106.5,101.5,104.0,11832899,1233787295,9062,-2.00,96.21798818423932
20220211,104.0,109.5,103.5,106.0,23804442,2543673515,15280,+2.00,98.0683341108593
20220214,104.0,107.5,103.5,105.5,12821193,1357218422,7695,-0.50,97.60574762920432
20220215,105.5,107.5,102.0,103.0,11619359,1215118905,7514,-2.50,95.29281522092934
20220216,105.5,106.0,102.0,103.0,8367226,869173010,5768, 0.00,95.29281522092934
20220217,105.0,113.0,104.5,112.5,30328560,3368347847,13276,+9.50,104.08195837237425
20220218,110.5,116.0,109.0,114.0,25378768,2836385912,13265,+1.50,105.46971781733926
20220221,114.0,114.5,108.0,110.0,17259465,1912623449,9361,-4.00,101.76902596409927
20220222,108.5,114.0,106.5,110.0,25835593,2855969505,13722, 0.00,101.76902596409927
20220223,113.0,118.5,112.0,114.5,38803513,4452513365,22748,+4.50,105.93230429899424
20220224,111.0,115.5,110.0,113.0,21922812,2483381783,13084,-1.50,104.54454485402924
20220225,116.0,116.5,110.0,110.0,19318603,2170767465,10427,-3.00,101.76902596409927
20220301,111.0,113.5,109.0,111.0,10467699,1164107642,6929,+1.00,102.69419892740926
20220302,111.5,114.0,106.5,108.5,16120011,1763428943,10753,-2.50,100.38126651913429
20220303,109.0,115.5,107.5,112.0,14424634,1603890278,8936,+3.50,103.61937189071926
20220304,111.0,116.5,110.5,113.0,19572352,2236554558,12734,+1.00,104.54454485402924
20220307,112.0,112.5,104.5,105.5,14584225,1567680956,9646,-7.50,97.60574762920432
20220308,102.5,112.5,102.5,105.5,23802940,2569672149,16662, 0.00,97.60574762920432
20220309,108.5,116.0,107.0,116.0,30543093,3433968762,15753,+10.50,107.32006374395924
20220310,121.5,125.0,117.0,119.5,48218921,5809371493,34080,+3.50,110.5581691155442
20220311,120.0,124.5,118.5,122.5,31126162,3793347676,22020,+3.00,113.3336880054742
20220314,123.5,124.5,116.0,117.0,20626978,2478730645,15911,-5.50,108.24523670726923
20220315,115.5,116.0,105.5,106.0,26475598,2925958278,15341,-11.00,98.0683341108593
20220316,109.5,109.5,103.5,106.0,23658706,2516222352,13947, 0.00,98.0683341108593
20220317,108.0,108.5,105.0,106.5,18959289,2019439891,9856,+0.50,98.5309205925143
20220318,106.5,112.0,103.0,110.0,31535800,3408661361,17127,+3.50,101.76902596409927
20220321,112.0,115.0,106.5,112.5,40707635,4525905503,22854,+2.50,104.08195837237425
20220322,114.0,118.0,113.5,118.0,45070987,5248200912,26578,+5.50,109.17040967057922
20220323,119.5,121.5,114.0,115.0,37435427,4380331773,27790,-3.00,106.39489078064923
20220324,114.5,115.5,111.0,111.5,12732171,1434003576,8715,-3.50,103.15678540906427
20220325,112.0,117.0,108.5,117.0,29991067,3421257087,18303,+5.50,108.24523670726923
20220328,115.0,119.0,114.0,119.0,24667408,2895413388,13818,+2.00,110.09558263388922
20220329,121.0,121.5,116.0,116.5,20075014,2376783718,11271,-2.50,107.78265022561425
20220330,119.0,127.5,117.0,117.0,63066384,7673943614,37089,+0.50,108.24523670726923
20220331,118.0,121.0,116.0,116.5,20102325,2381549150,14449,-0.50,107.78265022561425
20220401,115.0,116.0,113.0,114.5,11757642,1343606710,9930,-2.00,105.93230429899424
20220406,112.0,115.5,111.5,113.0,7411895,839437614,6443,-1.50,104.54454485402924
20220407,112.0,116.0,111.0,111.0,11497647,1304255424,9427,-2.00,102.69419892740926
20220408,112.5,115.0,110.0,112.0,10395399,1166348807,7629,+1.00,103.61937189071926
20220411,110.5,112.0,104.0,106.5,17062270,1822203147,10393,-5.50,98.5309205925143
20220412,107.0,111.0,105.0,105.5,8429407,904491191,6247,-1.00,97.60574762920432
20220413,108.0,108.0,104.5,105.5,4692891,496307851,4866, 0.00,97.60574762920432
20220414,107.0,109.0,105.0,108.0,5738347,617992308,4450,+2.50,99.91868003747929
20220415,107.5,109.5,104.0,104.5,8546900,907978932,5838,-3.50,96.68057466589433
20220418,105.0,107.0,103.5,103.5,4285131,448971479,2870,-1.00,95.75540170258432
20220419,105.0,112.5,105.0,106.0,18827916,2035717452,11586,+2.50,98.0683341108593
20220420,108.0,110.0,106.5,107.5,9676336,1045926217,6131,+1.50,99.45609355582427
20220421,109.5,114.0,108.5,113.5,16124959,1804553792,9677,+6.00,105.00713133568426
20220422,111.5,112.0,107.0,107.0,9723476,1063286375,7670,-6.50,98.99350707416929
20220425,104.0,107.0,103.0,105.0,11193355,1171931523,6798,-2.00,97.14316114754932
20220426,107.5,109.0,103.0,103.0,6940473,732380656,4760,-2.00,95.29281522092934
20220427,98.5,104.5,98.4,104.0,8112523,823289825,5728,+1.00,96.21798818423932
20220428,104.0,105.0,101.0,103.5,5800134,598195852,3798,-0.50,95.75540170258432
20220429,105.5,107.5,104.5,104.5,5204560,551110927,3048,+1.00,96.68057466589433
20220503,105.0,109.0,104.5,106.0,5949426,633488581,3935,+1.50,98.0683341108593
20220504,107.0,107.0,104.0,105.0,4686808,493907903,3781,-1.00,97.14316114754932
20220505,108.0,110.0,107.0,108.0,7916531,858185680,4897,+3.00,99.91868003747929
20220506,105.0,106.5,104.0,105.5,3821631,402004009,2185,-2.50,97.60574762920432
20220509,104.5,105.0,100.5,101.0,6578062,670531916,3877,-4.50,93.44246929430935
20220510,100.0,107.0,100.0,105.5,8871049,922066537,4999,+4.50,97.60574762920432
20220511,106.0,107.0,102.5,103.5,7229012,754641461,4285,-2.00,95.75540170258432
20220512,102.5,104.5,101.5,102.0,4237453,435412399,2693,-1.50,94.36764225761934
20220513,103.5,105.5,103.5,105.0,4094797,427722424,2513,+3.00,97.14316114754932
20220516,106.5,107.5,103.5,104.5,3412650,360553699,2318,-0.50,96.68057466589433
20220517,105.0,106.5,104.5,105.0,3016821,317538563,2077,+0.50,97.14316114754932
20220518,106.0,110.0,106.0,109.0,9929234,1080105655,6930,+4.00,100.84385300078928
20220519,105.5,111.0,105.5,111.0,6709227,729130262,4354,+2.00,102.69419892740926
20220520,111.5,113.5,108.5,109.5,10039473,1113966544,6685,-1.50,101.30643948244428
20220523,110.0,113.0,108.5,112.0,7905160,881101570,5065,+2.50,103.61937189071926
20220524,113.5,116.0,108.5,109.0,27016157,3051933929,18400,-3.00,100.84385300078928
20220525,111.0,119.0,110.5,118.0,35144572,4093595440,20610,+9.00,109.17040967057922
20220526,118.5,121.5,115.0,117.0,32567593,3839329450,21385,-1.00,108.24523670726923
20220527,119.0,119.5,113.0,113.5,18249069,2109890177,12007,-3.50,105.00713133568426
20220530,115.0,115.5,113.0,114.5,8576658,980313432,5585,+1.00,105.93230429899424
20220531,114.5,115.0,111.0,113.0,7522705,848655872,4970,-1.50,104.54454485402924
20220601,113.0,114.5,111.5,112.5,6714986,758513281,4355,-0.50,104.08195837237425
20220602,112.0,114.0,112.0,112.0,4322309,488650547,3104,-0.50,103.61937189071926
20220606,112.0,112.5,110.0,111.0,6517118,722570883,5032,-1.00,102.69419892740926
20220607,109.5,109.5,105.5,108.0,15896774,1699829134,10463,-3.00,99.91868003747929
20220608,108.0,108.5,106.5,107.5,5446230,585253620,3565,-0.50,99.45609355582427
20220609,107.5,107.5,104.0,105.0,6980499,735300772,5468,-2.50,97.14316114754932
20220610,104.5,105.0,103.5,105.0,5496965,574097384,3567, 0.00,97.14316114754932
20220613,103.0,106.0,101.5,106.0,5662124,585920959,3507,+1.00,98.0683341108593
20220614,105.0,108.5,103.5,108.0,8803171,935457027,5833,+2.00,99.91868003747929
20220615,108.0,109.0,105.5,106.0,5422560,580924480,3749,-2.00,98.0683341108593
20220616,108.0,109.5,103.5,103.5,8661222,927796046,5789,-2.50,95.75540170258432
20220617,103.5,106.0,102.0,103.0,7111058,736918215,4762,-0.50,95.29281522092934
20220620,103.0,103.0,98.0,98.0,10239448,1024844569,6506,-5.00,90.66695040437936
20220621,99.9,100.5,93.6,98.1,14569903,1411116011,9968,+0.10,90.75946770071035
20220622,98.6,99.3,92.4,92.6,8833430,836649184,6818,-5.50,85.6710164025054
20220623,92.7,95.3,92.2,93.9,7050910,661824444,6340,+1.30,86.8737412548084
20220624,94.3,95.6,93.7,95.4,3680172,349201722,3207,+1.50,88.26150069977338
20220627,96.9,101.5,96.0,99.9,7303515,725339153,5820,+4.50,92.42477903466835
20220628,100.0,101.5,97.9,98.6,5011119,497822084,4336,-1.30,91.22205418236535
20220629,97.3,98.3,96.1,97.1,3338986,323841299,2797,-1.50,89.83429473740036
20220630,96.2,96.5,92.5,93.1,5542671,519183746,3576,-4.00,86.13360288416038
20220701,92.7,94.1,86.6,86.9,12837489,1149053601,8379,-6.20,80.39753051163844
20220704,87.2,88.5,84.5,85.3,9919606,853681778,6344,-1.60,78.91725377034244
20220705,87.0,87.8,84.0,87.2,4936409,424528269,3717,+1.90,80.67508240063141
20220706,87.2,87.3,82.6,82.6,11768677,988624322,6656,-4.60,76.41928676940545
20220707,83.0,88.0,79.9,87.4,14891686,1256830481,9735,+4.80,80.86011699329343
20220708,92.0,96.1,91.5,96.1,10789155,1020110323,5633,+8.70,88.90912177409037
20220711,97.2,99.7,95.0,98.4,16985582,1663805914,11919,+2.30,91.03701958970336
20220712,96.2,97.7,93.9,96.0,9971479,958737539,7045,-2.40,88.81660447775937
20220713,99.1,101.0,96.5,96.8,13018298,1281883699,9092,+0.80,89.55674284840734
20220714,97.0,101.0,96.4,101.0,9273089,924426801,5906,+4.20,93.44246929430935
20220715,101.0,102.5,99.0,101.0,7140305,720580702,4988, 0.00,93.44246929430935
20220718,102.5,105.0,101.0,104.0,9725782,1004195961,6977,+3.00,96.21798818423932
20220719,102.0,106.5,101.5,105.0,7867197,822056098,4688,+1.00,97.14316114754932
20220720,108.0,108.5,104.0,105.0,6801739,719361556,5038, 0.00,97.14316114754932
20220721,104.0,106.0,102.5,105.5,8363268,870384411,5276,+0.50,97.60574762920432
20220722,104.0,107.0,103.5,104.5,4440212,464263653,2666,-1.00,96.68057466589433
20220725,104.0,114.0,103.5,112.5,23341632,2575652999,12407,+8.00,104.08195837237425
20220726,111.5,114.5,110.5,114.0,16904487,1915688026,9797,+1.50,105.46971781733926
20220727,113.5,116.0,113.0,116.0,10874351,1247498005,7390,+2.00,107.32006374395924
20220728,117.5,119.0,113.0,117.0,16608908,1930932191,11631,+1.00,108.24523670726923
20220729,117.0,119.5,116.5,118.0,8066345,951253589,5031,+1.00,109.17040967057922
20220801,118.0,119.5,114.5,115.5,8396892,977866923,6368,-2.50,106.85747726230423
20220802,112.5,115.5,112.5,115.0,5345992,610030896,3518,-0.50,106.39489078064923
20220803,114.0,115.5,113.0,115.0,4106732,469899668,3202, 0.00,106.39489078064923
20220804,114.0,114.5,110.5,113.0,10375431,1164678735,7279,-2.00,104.54454485402924
20220805,113.5,114.5,109.5,112.5,13324283,1489388733,8750,-0.50,104.08195837237425
20220808,112.0,119.5,112.0,118.0,13767075,1603712380,8150,+5.50,109.17040967057922
20220809,117.0,121.0,116.0,119.0,13638203,1624942758,7797,+1.00,110.09558263388922
20220810,116.0,119.0,112.0,112.5,24279667,2778665501,15385,-6.50,104.08195837237425
20220811,114.0,115.5,112.5,114.5,10755900,1223229807,4624,+2.00,105.93230429899424
20220812,114.0,117.5,113.0,117.5,5998934,695040976,3516,+3.00,108.70782318892422
20220815,118.5,120.5,116.5,119.5,9347791,1099905776,4861,+2.00,110.5581691155442
20220816,119.5,122.0,118.0,119.0,7169919,860041749,4860,-0.50,110.09558263388922
20220817,119.5,120.0,118.0,119.0,2963041,352550798,2100, 0.00,110.09558263388922
20220818,119.0,120.5,118.5,119.5,4877772,581763114,3322,+0.50,110.5581691155442
20220819,120.0,122.5,115.0,117.0,13354505,1577889630,8287,-2.50,108.24523670726923
20220822,116.0,118.5,114.0,117.0,3791910,443313468,2230, 0.00,108.24523670726923
20220823,117.0,118.0,116.0,117.5,2109124,247380809,1274,+0.50,108.70782318892422
20220824,118.5,118.5,117.0,117.0,2820612,331021915,1733,-0.50,108.24523670726923
20220825,115.5,117.0,112.0,112.0,6753477,767696878,4544,X0.00,107.57290604449116
20220826,113.5,114.0,110.0,113.0,4110630,460903066,2975,+1.00,108.5333784198884
20220829,109.5,109.5,107.0,108.0,4611097,498157217,3106,-5.00,103.7310165429022
20220830,109.0,110.5,107.0,107.5,5459782,589515494,3344,-0.50,103.25078035520357
20220831,108.0,109.0,107.0,108.5,3233764,349517857,2144,+1.00,104.2112527306008
20220901,107.5,108.0,104.5,105.5,3907794,413890751,2776,-3.00,101.32983560440907
20220902,105.5,107.0,105.0,105.5,1965727,208062187,1424, 0.00,101.32983560440907
20220905,107.0,107.0,102.5,103.5,2819850,293729905,1713,-2.00,99.40889085361461
20220906,104.5,104.5,101.0,102.0,3130880,321112701,1935,-1.50,97.96818229051874
20220907,100.5,107.5,100.0,105.5,5515458,578450673,3660,+3.50,101.32983560440907
20220908,106.5,109.0,104.5,107.5,8204780,878773902,5495,+2.00,103.25078035520357
20220912,110.0,114.0,109.0,112.0,7065444,790927601,4863,+4.50,107.57290604449116
20220913,115.0,116.0,112.0,113.0,7229468,824182657,5092,+1.00,108.5333784198884
20220914,109.0,114.0,108.0,113.5,5787147,647901987,4142,+0.50,109.01361460758703
20220915,114.0,115.5,113.0,113.5,3812358,433943678,2708, 0.00,109.01361460758703
20220916,114.0,115.0,113.0,113.5,4161106,473607977,2497, 0.00,109.01361460758703
20220919,114.0,114.5,112.5,113.5,2752958,312150241,1589, 0.00,109.01361460758703
20220920,115.0,117.5,114.0,117.0,8337752,969217947,5199,+3.50,112.37526792147737
20220921,116.5,118.5,115.5,116.0,5893995,689403244,3875,-1.00,111.41479554608013
20220922,114.5,117.0,114.0,115.0,3227478,371595812,2508,-1.00,110.45432317068288
20220923,115.5,117.5,115.0,115.5,4585725,533474185,2855,+0.50,110.9345593583815
20220926,114.5,115.0,110.5,111.0,4799844,540137300,3681,-4.50,106.61243366909392
20220927,113.0,116.0,111.0,116.0,5506473,628953843,3601,+5.00,111.41479554608013
20220928,115.5,116.0,109.0,109.0,6716122,750651579,4300,-7.00,104.69148891829944
20220929,112.0,113.5,108.0,108.0,5519520,609233069,3427,-1.00,103.7310165429022
20220930,106.0,111.5,105.0,111.5,5350757,581535165,3182,+3.50,107.09266985679253
20221003,109.0,111.0,106.5,108.0,4964777,538480925,3288,-3.50,103.7310165429022
20221004,110.5,114.5,110.5,114.0,5586346,627179918,3573,+6.00,109.49385079528565
20221005,116.0,122.0,114.5,119.5,18525095,2219094646,10913,+5.50,114.77644885997049
20221006,121.0,121.5,112.0,116.0,16598845,1915940244,10353,-3.50,111.41479554608013
20221007,115.5,116.0,110.0,110.5,10557764,1185059923,6609,-5.50,106.1321974813953
20221011,107.5,108.0,103.5,104.0,8103671,853905960,5037,-6.50,99.88912704131322
20221012,103.0,108.5,101.0,107.0,10406970,1095513451,6093,+3.00,102.77054416750494
20221013,105.5,109.5,102.0,103.5,8023761,844488167,4760,-3.50,99.40889085361461
20221014,107.0,108.5,104.5,105.0,6133365,654650266,4018,+1.50,100.84959941671048
20221017,102.5,103.0,98.9,101.5,8873742,891181342,5413,-3.50,97.4879461028201
20221018,103.0,105.5,99.7,101.5,7550215,768726780,4902, 0.00,97.4879461028201
20221019,102.0,104.5,100.0,100.5,5797284,591811535,3667,-1.00,96.52747372742289
20221020,99.5,100.5,96.8,98.8,7296168,719936274,4817,-1.70,94.89467068924755
20221021,98.0,98.5,95.0,95.4,6893978,665503939,5147,-3.40,91.62906461289694
20221024,98.2,98.8,95.8,96.3,4715783,460566244,3494,+0.90,92.49348975075445
20221025,96.7,96.7,92.2,94.5,7292964,688614864,5775,-1.80,90.76463947503942
20221026,95.1,95.1,92.5,93.6,4779580,447836636,3912,-0.90,89.90021433718191
20221027,93.6,101.0,93.3,99.9,9227709,908771836,6416,+6.30,95.95119030218453
20221028,99.2,103.0,98.5,101.0,8476161,861982145,5856,+1.10,97.00770991512148
20221031,104.0,104.5,101.5,102.0,4782701,491937458,3905,+1.00,97.96818229051874
20221101,102.0,103.5,101.0,102.5,3121427,319249664,3130,+0.50,98.44841847821735
20221102,102.5,105.0,102.0,104.0,4282914,444168941,2461,+1.50,99.88912704131322
20221103,102.0,106.5,101.5,106.5,3318820,348880662,2347,+2.50,102.29030797980633
20221104,105.5,107.0,104.5,106.0,4482507,472589120,2321,-0.50,101.8100717921077
20221107,107.0,109.0,105.0,107.5,5605814,602385987,3356,+1.50,103.25078035520357
20221108,109.0,110.0,106.0,106.0,3837473,414361743,2509,-1.50,101.8100717921077
20221109,108.0,110.5,107.0,108.0,4679854,508004654,2731,+2.00,103.7310165429022
20221110,107.0,108.5,105.0,106.0,2553092,271407270,1701,-2.00,101.8100717921077
20221111,110.0,112.0,107.5,110.0,8977188,987287273,5652,+4.00,105.65196129369667
20221114,110.0,110.0,103.5,104.5,13786193,1450767448,9005,-5.50,100.36936322901184
20221115,104.5,104.5,100.0,102.0,9080105,924772867,6025,-2.50,97.96818229051874
20221116,102.5,103.5,101.5,102.0,6039391,618658930,4109, 0.00,97.96818229051874
20221117,101.5,103.5,101.5,103.0,2560754,263158615,1892,+1.00,98.92865466591599
20221118,103.5,105.5,102.0,102.0,3442383,355828833,2516,-1.00,97.96818229051874
20221121,103.0,104.5,102.0,104.0,3000431,311150357,2005,+2.00,99.88912704131322
20221122,104.5,109.5,104.0,106.0,10188050,1090631717,6709,+2.00,101.8100717921077
20221123,107.5,111.0,107.5,110.0,9721989,1064572296,6424,+4.00,105.65196129369667
20221124,111.5,113.0,108.5,111.0,8048462,890868700,5536,+1.00,106.61243366909392
20221125,110.5,112.0,109.0,109.0,3113803,343633907,2406,-2.00,104.69148891829944
20221128,108.0,112.5,108.0,111.5,4635069,514577403,3176,+2.50,107.09266985679253
20221129,111.0,112.5,110.5,112.0,2492914,278594619,1889,+0.50,107.57290604449116
20221130,112.5,114.0,111.5,113.0,4644161,524550446,3098,+1.00,108.5333784198884
20221201,114.0,116.0,113.5,114.5,5363265,614592385,3408,+1.50,109.97408698298426
20221202,114.5,117.5,114.0,115.5,5184896,600945260,3166,+1.00,110.9345593583815
20221205,117.0,127.0,116.5,127.0,33364099,4165728073,12906,+11.50,121.97999167544978
20221206,127.5,128.5,122.5,124.0,21286658,2678753634,10878,-3.00,119.09857454925807
20221207,124.0,124.5,112.0,112.5,20674124,2399559784,11899,-11.50,108.05314223218978
20221208,111.5,113.5,110.5,113.5,6396874,719016429,4051,+1.00,109.01361460758703
20221209,115.0,115.5,112.5,115.5,5599437,641237278,4094,+2.00,110.9345593583815
20221212,116.0,117.0,113.0,114.5,6186903,707563012,4169,-1.00,109.97408698298426
20221213,115.0,116.0,113.5,114.0,3565967,408901314,2569,-0.50,109.49385079528565
20221214,114.0,116.5,114.0,116.0,4054899,468687429,2526,+2.00,111.41479554608013
20221215,116.0,118.0,116.0,116.5,3932421,460236212,2751,+0.50,111.89503173377875
20221216,115.5,117.0,114.0,115.0,8021216,926477168,3791,-1.50,110.45432317068288
20221219,114.5,114.5,110.0,112.0,8734959,976487090,4446,-3.00,107.57290604449116
20221220,112.0,114.0,110.0,111.5,7343132,820957292,3513,-0.50,107.09266985679253
20221221,111.5,112.0,108.5,109.0,7099670,777435724,3279,-2.50,104.69148891829944
20221222,111.0,113.0,109.5,113.0,5948275,665865509,2666,+4.00,108.5333784198884
20221223,110.5,112.0,110.0,111.0,2014731,223326292,1468,-2.00,106.61243366909392
20221226,111.5,111.5,109.5,111.5,1462087,161623054,1115,+0.50,107.09266985679253
20221227,112.5,113.0,111.5,112.0,1329881,149064263,996,+0.50,107.57290604449116
20221228,111.0,111.0,108.5,108.5,1735209,189567757,1340,-3.50,104.2112527306008
20221229,107.5,111.0,107.0,110.0,1625782,177474017,1275,+1.50,105.65196129369667
20221230,111.5,112.5,110.5,112.0,1838419,205449164,1386,+2.00,107.57290604449116
20230103,111.0,113.5,110.5,112.5,1087634,122244503,958,+0.50,108.05314223218978
20230104,112.5,113.5,111.5,112.0,953867,107264796,809,-0.50,107.57290604449116
20230105,113.0,113.5,108.0,108.5,3011990,330920026,2338,-3.50,104.2112527306008
20230106,108.0,108.5,106.0,107.5,4081880,436636274,2870,-1.00,103.25078035520357
20230109,108.5,111.0,108.0,110.5,3612588,396023704,2208,+3.00,106.1321974813953
20230110,110.0,111.0,108.0,109.5,2117150,231611877,2023,-1.00,105.17172510599806
20230111,109.5,111.0,109.0,110.5,1240161,136565643,903,+1.00,106.1321974813953
20230112,110.5,111.0,109.0,109.5,1330419,146004227,870,-1.00,105.17172510599806
20230113,110.5,110.5,107.0,107.0,1751373,188969829,1331,-2.50,102.77054416750494
20230116,108.0,108.5,106.0,107.5,2343835,250675644,1919,+0.50,103.25078035520357
20230117,107.5,108.5,107.0,108.5,1403358,151148530,925,+1.00,104.2112527306008
20230130,110.0,110.5,108.5,109.5,2817113,308051817,2040,+1.00,105.17172510599806
20230131,109.0,110.0,105.5,106.0,6156942,658187250,4753,-3.50,101.8100717921077
20230201,106.5,108.0,103.0,107.5,10937107,1155015150,8510,+1.50,103.25078035520357
20230202,108.0,112.0,107.5,112.0,9847993,1078529435,6839,+4.50,107.57290604449116
20230203,111.5,114.0,111.0,112.0,5681949,638725184,4108, 0.00,107.57290604449116
20230206,109.0,112.0,107.0,111.5,7947915,871687803,5790,-0.50,107.09266985679253
20230207,109.5,111.5,109.0,110.5,3356369,370017561,2511,-1.00,106.1321974813953
20230208,112.0,116.0,111.0,115.0,7926333,906007986,5888,+4.50,110.45432317068288
20230209,115.0,117.5,115.0,116.0,7747731,901142805,5794,+1.00,111.41479554608013
20230210,116.5,118.5,114.0,115.5,8025132,932767836,4587,-0.50,110.9345593583815
20230213,115.5,117.5,114.0,117.5,5476384,637367989,3120,+2.00,112.85550410917598
20230214,118.5,118.5,115.0,115.5,4299410,501274757,3111,-2.00,110.9345593583815
20230215,116.0,117.0,114.0,115.0,4751711,548400859,3674,-0.50,110.45432317068288
20230216,115.5,118.5,115.0,117.5,4937528,577875781,2989,+2.50,112.85550410917598
20230217,116.0,117.5,114.5,114.5,4748527,549682612,4334,X0.00,109.97408698298426
20230220,114.5,115.5,112.5,114.5,3760339,429757719,2577, 0.00,109.97408698298426
20230221,114.5,116.5,113.5,115.0,4000005,458148811,2343,+0.50,110.45432317068288
20230222,114.0,115.0,111.5,115.0,4160804,471093720,2789, 0.00,110.45432317068288
20230223,115.5,117.0,115.5,116.5,3154234,366866011,2325,+1.50,111.89503173377875
20230224,118.0,127.0,117.5,120.5,25175276,3067788791,14457,+4.00,115.73692123536772
20230301,119.5,120.0,115.5,119.0,8989612,1057394037,5688,-1.50,114.29621267227186
20230302,118.0,119.5,117.0,119.0,2457872,291133825,1788, 0.00,114.29621267227186
20230303,120.5,121.5,118.5,118.5,2503302,299161696,1845,-0.50,113.81597648457324
20230306,120.0,120.5,118.5,119.5,2803825,334656729,2165,+1.00,114.77644885997049
20230307,121.0,121.0,117.5,118.0,3049994,361193917,1996,-1.50,113.33574029687462
20230308,117.5,119.0,116.5,119.0,3506014,413283137,1764,+1.00,114.29621267227186
20230309,120.0,120.0,117.0,117.5,3283200,388098435,1961,-1.50,112.85550410917598
20230310,116.5,116.5,113.0,113.5,5365928,613935512,3330,-4.00,109.01361460758703
20230313,112.5,113.0,110.5,112.5,3646289,408506693,2324,-1.00,108.05314223218978
20230314,112.0,113.0,109.5,109.5,4820186,533878243,3347,-3.00,105.17172510599806
20230315,111.5,117.0,110.5,114.5,7778603,891826703,5367,+5.00,109.97408698298426
20230316,114.0,118.0,113.5,115.0,8107323,941797076,4820,+0.50,110.45432317068288
20230317,116.5,117.5,115.0,115.5,4865502,565309646,3022,+0.50,110.9345593583815
20230320,117.0,123.0,117.0,119.0,15171565,1825721512,8629,+3.50,114.29621267227186
20230321,121.0,128.0,119.5,126.5,16901344,2105559818,10321,+7.50,121.49975548775119
20230322,128.5,139.0,127.5,136.5,40108466,5324140471,23203,+10.00,131.1044792417236
20230323,138.0,142.0,136.5,138.5,29152237,4051886742,18349,+2.00,133.02542399251806
20230324,139.5,142.5,136.5,142.5,11384203,1588411060,7423,+4.00,136.86731349410707
20230327,144.0,152.0,140.5,148.5,29905095,4397468815,18785,+6.00,142.6301477464905
20230328,146.0,147.0,138.0,142.0,23768904,3371575864,13994,-6.50,136.38707730640843
20230329,142.0,147.5,139.5,142.5,24889316,3572367754,17770,+0.50,136.86731349410707
20230330,142.0,145.5,141.5,142.0,10964735,1565824933,7679,-0.50,136.38707730640843
20230331,142.0,142.5,139.5,141.0,6743251,950027240,4047,-1.00,135.42660493101118
20230406,140.0,144.5,138.5,142.0,8396718,1188931822,5349,+1.00,136.38707730640843
20230407,143.5,146.5,141.5,144.5,6410030,922674977,4347,+2.50,138.78825824490153
20230410,144.5,151.0,143.5,148.5,9371321,1382348286,5898,+4.00,142.6301477464905
20230411,147.5,152.5,145.0,149.5,9453871,1412247556,5928,+1.00,143.59062012188775
20230412,151.0,157.5,150.5,154.5,15109654,2333008411,8279,+5.00,148.39298199887398
20230413,151.5,152.5,147.0,149.5,7020410,1049289112,4710,-5.00,143.59062012188775
20230414,150.0,156.0,150.0,153.0,11020914,1691041586,5752,+3.50,146.95227343577812
20230417,153.0,159.5,152.5,156.0,9338283,1460215252,6155,+3.00,149.83369056196986
20230418,157.5,161.0,149.0,152.5,13146464,2019307903,10028,-3.50,146.4720372480795
20230419,152.5,153.0,150.5,151.0,4917474,745968556,3289,-1.50,145.0313286849836
20230420,147.0,150.0,144.5,147.5,10980067,1617059476,7029,-3.50,141.66967537109323
20230421,146.0,149.5,141.0,143.0,11976602,1719533903,11971,-4.50,137.34754968180567
20230424,144.5,147.0,142.5,144.0,7417514,1071656957,7366,+1.00,138.30802205720292
20230425,144.5,145.5,138.0,141.5,6824944,960698460,4736,-2.50,135.90684111870982
20230426,141.5,147.0,138.5,146.0,9498906,1360303936,6253,+4.50,140.2289668079974
20230427,145.5,156.0,144.0,153.5,21804962,3301753600,14425,+7.50,147.4325096234767
20230428,154.0,157.5,151.0,157.5,16913000,2613101130,11330,+4.00,151.27439912506568
20230502,157.5,166.5,157.5,166.0,21462739,3490024966,13606,+8.50,159.43841431594225
20230503,165.0,167.5,162.5,163.0,12632809,2082432610,11058,-3.00,156.55699718975052
20230504,168.0,178.0,166.5,175.5,39964598,6922585637,24995,+12.50,168.56290188221604
20230505,175.5,183.0,174.5,181.0,37236716,6664982401,29543,+5.50,173.8454999469009
20230508,183.0,185.5,179.0,181.5,20066397,3659243707,20654,+0.50,174.3257361345995
20230509,183.0,185.0,177.5,183.0,15197231,2761896784,12634,+1.50,175.76644469769536
20230510,180.5,181.5,175.5,178.5,13970424,2496446170,11617,-4.50,171.44431900840777
20230511,183.0,183.0,173.0,174.5,16989712,3006764124,15512,-4.00,167.60242950681882
20230512,173.0,178.0,170.0,177.5,15917113,2774294521,9722,+3.00,170.48384663301053
20230515,175.0,175.0,168.5,171.0,12943719,2214041856,8153,-6.50,164.24077619292848
20230516,174.0,179.0,171.5,175.5,17056196,2996621161,11300,+4.50,168.56290188221604
20230517,175.0,181.0,174.0,178.0,13267775,2364036504,9634,+2.50,170.96408282070917
20230518,181.0,188.5,179.0,186.0,20178896,3708473020,13863,+8.00,178.64786182388713
20230519,185.5,187.5,180.0,184.0,15896122,2917971140,10505,-2.00,176.7269170730926
20230522,183.0,185.5,179.5,182.5,10978049,1998946233,7161,-1.50,175.28620850999678
20230523,182.5,184.5,181.0,182.5,7918674,1446838686,5227, 0.00,175.28620850999678
20230524,182.5,187.0,181.0,187.0,7768291,1430355237,4557,+4.50,179.60833419928437
20230525,199.0,204.5,191.5,197.5,28686724,5672013624,19256,+10.50,189.6932941409554
20230526,200.0,212.5,198.0,208.0,26890252,5493804233,22775,+10.50,199.77825408262643
20230529,212.0,215.5,204.0,206.0,20533692,4286215900,14823,-2.00,197.85730933183197
20230530,206.0,206.0,200.5,201.5,8396200,1697617889,6462,-4.50,193.53518364254438
20230531,201.0,203.5,196.0,197.5,11161309,2219570545,10033,-4.00,189.6932941409554
20230601,196.5,207.0,195.5,207.0,14407034,2930438061,10033,+9.50,198.81778170722922
20230602,208.5,209.5,201.5,202.0,21746250,4456004849,14897,-5.00,194.01541983024296
20230605,199.5,203.0,192.5,200.0,18144490,3597596767,12853,-2.00,192.0944750794485
20230606,198.0,206.0,198.0,203.5,15386067,3128797276,10755,+3.50,195.45612839333887
20230607,205.0,210.0,203.5,208.0,12979405,2687778864,12855,+4.50,199.77825408262643
20230608,206.0,207.0,199.5,200.5,11408014,2308669964,10630,-7.50,192.57471126714714
20230609,203.0,213.0,202.5,209.5,16891950,3523133688,11451,+9.00,201.21896264572229
20230612,208.5,209.5,203.5,205.5,9409636,1941360916,14240,-4.00,197.37707314413333
20230613,213.0,223.0,210.0,219.5,24908810,5412709042,17683,+14.00,210.82368639969474
20230614,217.0,225.0,215.5,224.0,13863692,3066682320,10677,+4.50,215.14581208898232
20230615,225.0,240.0,222.0,237.0,25278738,5902686830,17449,+13.00,227.63195296914648
20230616,238.0,252.0,235.0,247.0,28038073,6842504038,20666,+10.00,237.23667672311893
20230619,247.0,259.0,243.5,254.5,23903690,6038936377,17923,+7.50,244.44021953859823
20230620,253.5,256.5,249.0,252.0,16216146,4097347970,11795,-2.50,242.03903860010513
20230621,253.5,254.5,248.0,249.5,13504034,3389293561,8205,-2.50,239.637857661612
20230626,246.0,251.0,240.0,250.0,14175631,3502434829,8193,+0.50,240.11809384931064
20230627,246.0,247.0,234.5,235.0,11921177,2862948871,12886,-15.00,225.71100821835196
20230628,240.0,245.5,239.0,241.5,9169287,2222261896,8285,+6.50,231.95407865843407
20230629,243.5,249.0,241.5,246.5,7226523,1776518218,7206,+5.00,236.7564405354203
20230630,246.5,271.0,244.0,271.0,28345223,7439874672,17637,+24.50,260.2880137326527
20230703,281.0,296.0,280.0,293.0,29009596,8387984158,23072,+22.00,281.4184059913921
20230704,294.0,297.5,284.0,292.0,19125980,5581369680,17490,-1.00,280.4579336159948
20230705,292.0,293.5,278.0,280.5,15675411,4438775094,15493,-11.50,269.41250129892654
20230706,273.5,281.5,271.0,273.5,13890078,3823668998,11043,-7.00,262.6891946711458
20230707,274.5,281.5,267.5,270.0,18805348,5155021615,15031,-3.50,259.3275413572554
20230710,270.0,281.5,269.0,273.0,11497776,3161230814,9110,+3.00,262.2089584834472
20230711,278.0,286.5,277.5,283.5,14553750,4112921900,11531,+10.50,272.29391842511825
20230712,286.0,299.0,284.0,287.5,21156598,6138504917,17863,+4.00,276.13580792670723
20230713,298.0,314.5,284.5,288.0,30721376,9222764272,26450,+0.50,276.61604411440584
20230714,300.5,303.0,284.0,293.5,18305798,5357034313,19363,+5.50,281.8986421790907
20230717,288.5,290.0,281.0,285.0,13998203,3990305022,11843,-8.50,273.73462698821413
20230718,289.5,296.5,278.0,293.0,17645893,5121097137,19713,+8.00,281.4184059913921
20230719,297.0,298.0,288.0,291.5,10465271,3057230128,12379,-1.50,279.97769742829615
20230720,290.5,313.0,290.0,308.5,20988539,6434853955,22292,+17.00,296.30572781004935
20230721,304.0,339.0,297.0,339.0,28450394,9251479346,25879,+30.50,325.6001352596652
20230724,344.0,358.5,336.0,344.0,24356983,8452291842,19152,+5.00,330.4024971366514
20230725,347.0,367.5,340.0,340.5,24074666,8528053034,19844,-3.50,327.0408438227611
20230726,340.5,352.0,337.5,343.5,13697256,4726572641,11072,+3.00,329.92226094895284
20230727,351.0,361.5,340.0,340.0,21067463,7423486371,16462,-3.50,326.56060763506247
20230728,340.0,356.0,329.5,352.0,17619014,6052322939,15755,+12.00,338.0862761398294
20230731,357.0,364.0,318.0,322.0,27210101,9338684939,20998,-30.00,309.2721048779121
20230801,326.5,331.5,312.0,328.0,16310749,5277408748,19622,+6.00,315.0349391302955
20230802,330.0,339.0,305.5,315.5,26891545,8668292422,20620,-12.50,303.02903443783003
20230804,318.5,344.5,312.0,338.0,22440915,7395214884,24837,+22.50,324.6396628842679
20230807,342.5,360.0,342.5,349.5,27619209,9684746899,22143,+11.50,335.68509520133625
20230808,351.5,363.5,348.5,358.0,22600965,8038426627,17837,+8.50,343.8491103922128
20230809,355.0,373.5,348.0,349.0,31882406,11492119162,25147,-9.00,335.20485901363764
20230810,343.5,346.5,314.5,314.5,20664489,6673275587,18235,-34.50,302.06856206243276
20230811,317.0,323.5,310.0,321.0,19531681,6206300648,14825,+6.50,308.3116325025149
20230814,315.5,327.0,308.0,319.0,14243248,4550160820,10630,-2.00,306.39068775172035
20230815,338.0,345.0,336.0,343.5,14087541,4798872262,11524,+24.50,329.92226094895284
20230816,338.0,350.0,336.5,350.0,12746807,4396531115,10352,+6.50,336.1653313890348
20230817,345.5,363.0,345.5,363.0,15346882,5454249166,12790,+13.00,348.651472269199
20230818,364.5,369.5,341.0,352.0,15724328,5614842086,13245,-11.00,338.0862761398294
20230821,360.0,362.5,345.5,353.5,10574444,3740627050,8415,+1.50,339.5269847029252
20230822,362.0,367.5,348.0,350.5,10648387,3826317828,8488,-3.00,336.64556757673347
20230823,356.0,366.0,352.5,356.0,8305552,2991056993,7250,+5.50,341.92816564141833
20230824,371.0,391.5,367.5,387.0,23146660,8870257101,17134,+31.00,371.70280927873284
20230825,362.5,367.0,350.0,354.0,15270374,5481428234,14589,X0.00,344.45379038446845
20230828,357.0,359.0,336.5,338.5,8276087,2857127329,8309,-15.50,329.3717741388208
20230829,343.5,351.0,332.0,335.0,9483160,3224802394,8745,-3.50,325.9661575672229
20230830,346.5,350.5,335.0,335.5,9772935,3339016119,8570,+0.50,326.4526742203084
20230831,322.0,338.0,318.0,334.5,13174132,4338844694,11081,-1.00,325.4796409141375
20230901,337.5,339.5,325.5,329.0,7736491,2560224797,7318,-5.50,320.12795773019803
20230904,332.0,332.0,325.0,328.5,5624945,1847014380,5018,-0.50,319.6414410771127
20230905,329.0,332.5,324.0,330.5,5887291,1932740827,6898,+2.00,321.5875076894543
20230906,332.0,347.5,331.0,343.5,10797135,3692341760,9398,+13.00,334.2369406696749
20230907,345.0,345.0,332.5,342.0,7964968,2704388846,6878,-1.50,332.7773907104187
20230908,344.0,349.5,335.0,337.0,9885231,3376166233,8281,-5.00,327.91222417956453
20230911,338.0,340.5,304.0,311.5,12553530,3985317066,11969,-25.50,303.0998748722088
20230912,308.5,313.5,303.0,306.0,7960995,2447203714,7456,-5.50,297.7481916882693
20230913,305.0,308.0,292.0,304.0,10687503,3213020286,10141,-2.00,295.8021250759277
20230914,310.0,322.0,307.0,318.0,11189543,3537837588,12268,+14.00,309.4245913623191
20230915,317.0,321.0,314.0,320.0,6072215,1930641133,6444,+2.00,311.37065797466073
20230918,317.5,317.5,293.0,293.5,12963713,3894197799,13749,-26.50,285.5852753611341
20230919,295.0,295.5,276.0,278.0,19668069,5560265287,15659,-15.50,270.5032591154865
20230920,277.0,295.0,274.5,281.0,17087276,4846193994,14059,+3.00,273.42235903399893
20230921,276.5,281.0,270.0,280.0,12148321,3358951601,11986,-1.00,272.4493257278281
20230922,275.5,301.0,272.0,297.5,19258881,5594804429,15990,+17.50,289.4774085858174
20230925,297.0,303.0,293.5,297.0,11634961,3478112867,11379,-0.50,288.990891932732
20230926,304.0,321.0,301.0,313.5,23257873,7304027912,20808,+16.50,305.04594148455044
20230927,313.5,321.0,308.5,321.0,13278137,4188343164,17351,+7.50,312.34369128083154
20230928,323.0,344.0,323.0,341.0,22897317,7646007707,20609,+20.00,331.8043574042478
20231002,347.5,351.0,339.0,342.5,18328356,6334550750,14769,+1.50,333.2639073635041
20231003,345.5,351.0,338.5,340.0,11250444,3867827026,9551,-2.50,330.83132409807706
20231004,333.0,345.0,328.0,345.0,12171879,4106554276,10774,+5.00,335.6964906289311
20231005,348.0,352.0,343.5,344.0,11350662,3942422482,10072,-1.00,334.72345732276034
20231006,350.0,351.5,345.0,348.5,7132849,2484013784,6191,+4.50,339.10210720052896
20231011,364.0,364.0,335.0,336.5,14017446,4836806091,11664,-12.00,327.42570752647913
20231012,344.0,351.0,339.0,342.0,10608129,3653141648,8970,+5.50,332.7773907104187
20231013,339.5,346.0,332.0,337.0,8425882,2847993250,7443,-5.00,327.91222417956453
20231016,333.0,338.5,323.0,325.5,8893179,2921672451,7928,-11.50,316.7223411586002
20231017,331.0,333.0,319.0,319.5,8218276,2670630095,7332,-6.00,310.8841413215753
20231018,317.5,318.0,292.0,294.0,15543116,4694636970,13105,-25.50,286.07179201421957
20231019,290.0,301.5,287.0,299.0,10557282,3120867796,9470,+5.00,290.93695854507365
20231020,295.0,312.0,290.5,308.5,12957963,3911505068,11235,+9.50,300.1807749536964
20231023,307.0,309.5,297.0,297.0,9822073,2978468984,9584,-11.50,288.990891932732
20231024,303.0,319.5,298.5,318.0,15414361,4791122874,12948,+21.00,309.4245913623191
20231025,318.0,321.0,312.0,313.0,11441906,3619264507,16073,-5.00,304.55942483146504
20231026,305.0,312.0,301.5,301.5,9341284,2857041770,9402,-11.50,293.3695418105006
20231027,303.0,308.0,295.0,296.5,12433902,3733372347,10505,-5.00,288.5043752796466
20231030,300.5,306.0,297.5,298.5,6740738,2033837151,5568,+2.00,290.45044189198825
20231031,302.0,307.0,282.0,283.5,13230899,3884044374,13709,-15.00,275.854942299426
20231101,286.5,288.5,280.0,285.5,8075820,2300131372,6763,+2.00,277.8010089117676
20231102,299.0,301.0,293.0,299.5,9089446,2705207132,7837,+14.00,291.423475198159
20231103,303.0,303.5,296.0,297.0,8030747,2404636845,7856,-2.50,288.990891932732
20231106,304.0,315.0,301.0,315.0,12470120,3855250551,10229,+18.00,306.50549144380665
20231107,312.0,314.5,308.0,311.0,6546904,2034455092,8332,-4.00,302.61335821912337
20231108,315.0,321.0,312.5,313.0,12788406,4048706762,11156,+2.00,304.55942483146504
20231109,315.0,321.0,313.0,316.5,8806659,2795753757,8588,+3.50,307.96504140306286
20231110,315.5,322.0,312.0,314.5,8146899,2578019935,8078,-2.00,306.01897479072124
20231113,321.0,321.0,309.5,318.5,9264195,2924465882,9099,+4.00,309.9111080154045
20231114,322.0,331.0,321.5,325.0,13542307,4417198311,13117,+6.50,316.23582450551476
20231115,335.5,339.0,312.0,313.5,17672768,5767174388,20633,-11.50,305.04594148455044
20231116,316.5,319.5,309.0,316.0,10846286,3416257328,8870,+2.50,307.47852474997745
20231117,317.5,323.0,315.0,318.0,7143779,2273004609,6132,+2.00,309.4245913623191
20231120,322.0,332.5,317.0,329.5,12393644,4034852296,10565,+11.50,320.6144743832835
20231121,337.0,337.0,327.0,327.0,10628302,3530056473,10456,-2.50,318.18189111785637
20231122,325.5,329.0,322.5,327.0,5944874,1939673389,5235, 0.00,318.18189111785637
20231123,329.0,337.5,320.0,320.0,12720027,4168424791,10797,-7.00,311.37065797466073
20231124,322.5,324.5,319.5,322.5,4103892,1322369491,3483,+2.50,313.8032412400878
20231127,322.5,322.5,298.0,298.0,14129564,4324834063,15334,-24.50,289.96392523890285
20231128,300.0,302.5,296.0,300.5,7431725,2229164243,7006,+2.50,292.39650850432986
20231129,301.0,308.0,300.0,301.0,6548717,1984649070,6523,+0.50,292.88302515741526
20231130,302.5,310.0,298.5,308.0,8239802,2496375531,9645,+7.00,299.69425830061095
20231201,305.5,306.0,301.5,302.5,5542256,1680845066,5813,-5.50,294.3425751166715
20231204,305.5,305.5,287.0,290.5,11513565,3372159926,13532,-12.00,282.6661754426217
20231205,288.5,289.0,280.0,286.0,10565454,2997404021,10716,-4.50,278.287525564853
20231206,294.5,301.0,293.0,296.5,10033643,2981993191,9003,+10.50,288.5043752796466
20231207,298.0,306.0,291.5,301.5,8629639,2590154154,10948,+5.00,293.3695418105006
20231208,308.0,309.0,303.0,304.5,7175623,2194416846,9649,+3.00,296.28864172901314
20231211,309.0,313.0,302.5,308.0,8387503,2584594000,9342,+3.50,299.69425830061095
20231212,312.0,313.0,305.0,306.5,5785211,1785667921,10769,-1.50,298.23470834135475
20231213,308.0,309.5,300.5,300.5,6369761,1934879506,11662,-6.00,292.39650850432986
20231214,306.0,311.5,304.5,306.0,8026499,2472142986,7231,+5.50,297.7481916882693
20231215,309.5,311.0,298.0,298.0,8662103,2622992931,12962,-8.00,289.96392523890285
20231218,298.0,304.0,294.0,299.5,5034054,1506283206,4939,+1.50,291.423475198159
20231219,298.0,302.5,296.0,302.5,4938732,1479221355,4870,+3.00,294.3425751166715
20231220,303.0,307.0,298.0,299.5,6943668,2099480376,5874,-3.00,291.423475198159
20231221,297.0,301.5,293.0,301.5,6307802,1875903517,12672,+2.00,293.3695418105006
20231222,303.5,309.0,301.5,307.0,9108576,2789999370,7507,+5.50,298.72122499444015
20231225,309.5,312.0,307.0,309.5,5387672,1669502480,5205,+2.50,301.15380825986716
20231226,312.0,312.0,304.5,311.0,5933091,1827356466,9159,+1.50,302.61335821912337
20231227,311.0,329.0,307.0,324.5,14531200,4655170773,15802,+13.50,315.7493078524294
20231228,327.5,331.5,318.0,318.0,11255519,3638141001,20592,-6.50,309.4245913623191
20231229,321.0,338.0,321.0,336.5,21641266,7182317755,19245,+18.50,327.42570752647913
20240102,337.0,338.5,327.0,329.5,10353809,3435551513,20360,-7.00,320.6144743832835
20240103,325.0,334.5,324.5,329.0,7939502,2614370346,9723,-0.50,320.12795773019803
20240104,331.5,334.0,316.0,319.0,10213381,3291859754,11391,-10.00,310.3976246684899
20240105,320.0,324.0,318.5,323.5,5255538,1689372711,4985,+4.50,314.7762745462586
20240108,325.0,326.0,300.5,301.5,18053420,5587111048,20498,-22.00,293.3695418105006
20240109,310.5,317.0,307.5,315.0,13398129,4185422373,11739,+13.50,306.50549144380665
20240110,315.0,329.5,315.0,329.0,16477955,5341496589,14256,+14.00,320.12795773019803
20240111,328.5,348.0,324.0,346.5,19397967,6574919653,16145,+17.50,337.1560405881873
20240112,346.0,358.0,338.5,350.0,25955483,9113119535,20398,+3.50,340.56165715978517
20240115,350.0,351.0,334.0,334.0,16628877,5642229286,16380,-16.00,324.9931242610522
20240116,334.0,343.5,331.0,343.0,11057161,3762619213,10086,+9.00,333.7504240165895
20240117,345.0,357.0,343.0,343.5,17875518,6237998656,14744,+0.50,334.2369406696749
20240118,344.0,354.0,334.0,334.5,15230579,5206735098,13588,-9.00,325.4796409141375
20240119,342.0,347.5,338.5,346.0,11657582,4006338629,8808,+11.50,336.66952393510195
20240122,355.0,380.5,354.5,380.5,26832620,9943969303,21200,+34.50,370.239172997995
20240123,387.5,389.5,376.0,386.5,18910061,7250797342,15814,+6.00,376.0773728350199
20240124,387.0,390.5,379.0,387.5,11338787,4372704016,10376,+1.00,377.0504061411907
20240125,391.0,398.0,383.0,389.5,15589957,6087774718,13651,+2.00,378.9964727535323
20240126,387.5,387.5,378.0,386.0,7309066,2802119979,7374,-3.50,375.5908561819345
20240129,383.5,393.0,382.0,390.5,7186464,2790394983,6613,+4.50,379.9695060597032
20240130,400.0,429.5,398.0,429.5,27982617,11768380699,17627,+39.00,417.9178050003649
20240131,424.0,428.0,414.0,425.5,16341597,6894067327,15299,-4.00,414.0256717756817
20240201,426.5,467.0,425.5,457.5,32579595,14605014447,26468,+32.00,445.1627375731478
20240202,467.0,484.0,466.5,478.0,20746934,9893414568,18473,+20.50,465.1099203496495
20240205,478.0,498.5,478.0,485.5,17070681,8287176478,15318,+7.50,472.4076701459306
20240215,518.0,534.0,514.0,534.0,13292708,7013520981,9689,+48.50,519.5997854952151
20240216,544.0,545.0,499.0,510.0,14032736,7273015597,15067,-24.00,496.24698614711554
20240219,509.0,520.0,485.0,486.0,13568028,6736353412,16990,-24.00,472.894186799016
20240220,485.0,491.5,468.0,483.0,12216718,5854142063,13532,-3.00,469.97508688050357
20240221,479.5,498.0,476.0,495.0,9880469,4828611764,10433,+12.00,481.65148655455334
20240222,533.0,535.0,507.0,520.0,13992424,7331191778,14103,+25.00,505.97731920882364
20240223,520.0,523.0,497.0,498.5,14461689,7333275603,19741,-21.50,485.05710312615116
20240226,498.5,504.0,487.0,500.0,8161877,4048613416,8585,+1.50,486.51665308540737
20240227,505.0,519.0,487.0,508.0,14174882,7189882970,14010,+8.00,494.3009195347739
20240229,504.0,541.0,500.0,532.0,18212133,9589011214,17391,+24.00,517.6537188828734
20240301,539.0,558.0,524.0,539.0,18450179,9999535676,17812,+7.00,524.4649520260692
20240304,552.0,564.0,550.0,554.0,12721387,7084686386,12689,+15.00,539.0604516186314
20240305,558.0,585.0,543.0,585.0,15769902,8959590115,15832,+31.00,569.2244841099267
20240306,583.0,634.0,581.0,630.0,22361996,13726954207,25477,+45.00,613.0109828876133
20240307,637.0,659.0,587.0,599.0,25316264,15555234842,25947,-31.00,582.846950396318
20240308,604.0,621.0,572.0,574.0,20866723,12353020701,21986,-25.00,558.5211177420476
20240311,567.0,616.0,566.0,585.0,24091625,14410866292,23267,+11.00,569.2244841099267
20240312,597.0,643.0,592.0,643.0,28886449,18007132744,26649,+58.00,625.6604158678339
20240313,651.0,677.0,607.0,617.0,35852997,22948068201,37121,-26.00,600.3615499073928
20240314,582.0,586.0,556.0,556.0,23185072,13028570644,25823,-61.00,541.006518230973
20240315,540.0,605.0,540.0,599.0,29656599,17302585914,26173,+43.00,582.846950396318
20240318,610.0,631.0,604.0,623.0,18757453,11588636566,18700,+24.00,606.1997497444175
20240319,609.0,626.0,563.0,569.0,21021086,12477753577,27595,-54.00,553.6559512111936
20240320,570.0,588.0,561.0,567.0,20796056,11917911429,20531,-2.00,551.709884598852
20240321,584.0,596.0,574.0,585.0,14094594,8245547234,13882,+18.00,569.2244841099267
20240322,594.0,597.0,578.0,589.0,11141843,6559696736,11788,+4.00,573.1166173346099
20240325,589.0,596.0,580.0,583.0,8648854,5075525101,9571,-6.00,567.2784174975849
20240326,584.0,586.0,533.0,541.0,17025904,9399522045,21485,-42.00,526.4110186384107
20240327,541.0,548.0,531.0,534.0,11385926,6117809159,12035,-7.00,519.5997854952151
20240328,536.0,545.0,511.0,542.0,14901166,7899692634,15704,+8.00,527.3840519445816
20240329,545.0,564.0,536.0,546.0,12076304,6630807088,12618,+4.00,531.276185169265
20240401,554.0,570.0,549.0,554.0,11645972,6494412297,11814,+8.00,539.0604516186314
20240402,561.0,563.0,533.0,533.0,15735165,8512262928,18260,-21.00,518.6267521890443
20240403,524.0,565.0,523.0,546.0,16799108,9228687012,15882,+13.00,531.276185169265
20240408,548.0,598.0,547.0,570.0,17914543,10331961528,20195,+24.00,554.6289845173644
20240409,581.0,593.0,561.0,577.0,13915036,8036222077,14461,+7.00,561.4402176605602
20240410,578.0,586.0,555.0,555.0,9322346,5305946994,12052,-22.00,540.0334849248023
20240411,558.0,594.0,554.0,584.0,13052866,7562386707,13904,+29.00,568.2514508037558
20240412,592.0,636.0,592.0,628.0,20356152,12567659678,24182,+44.00,611.0649162752717
20240415,622.0,639.0,611.0,616.0,14047327,8802236046,16448,-12.00,599.3885166012219
20240416,606.0,620.0,586.0,606.0,13231693,7985330797,23437,-10.00,589.6581835395139
20240417,620.0,643.0,612.0,638.0,16958619,10677409764,20439,+32.00,620.7952493369799
20240418,638.0,692.0,630.0,680.0,25471272,17001605767,25728,+42.00,661.6626481961541
20240419,666.0,679.0,612.0,630.0,26907697,17267135309,38472,-50.00,613.0109828876133
20240422,600.0,611.0,567.0,567.0,19224070,11282557204,23127,-63.00,551.709884598852
20240423,595.0,595.0,567.0,577.0,14935899,8691858800,13430,+10.00,561.4402176605602
20240424,610.0,634.0,608.0,634.0,11802037,7401221647,11126,+57.00,616.9031161122965
20240425,629.0,656.0,616.0,620.0,22852916,14558969156,22389,-14.00,603.2806498259051
20240426,654.0,679.0,629.0,642.0,28268052,18464469752,26308,+22.00,624.6873825616631
20240429,663.0,666.0,622.0,626.0,15425178,9817233668,18880,-16.00,609.1188496629301
20240430,645.0,662.0,641.0,654.0,18774527,12249453059,17934,+28.00,636.3637822357127
20240502,636.0,664.0,624.0,656.0,15268676,9913196296,14628,+2.00,638.3098488480546
20240503,670.0,672.0,645.0,662.0,17067743,11270544038,17843,+6.00,644.1480486850793
20240506,675.0,698.0,660.0,662.0,19318055,13095791013,19832, 0.00,644.1480486850793
20240507,674.0,682.0,655.0,674.0,13004842,8702770391,14621,+12.00,655.8244483591291
20240508,674.0,678.0,661.0,663.0,9478766,6339511521,9916,-11.00,645.1210819912502
20240509,669.0,676.0,638.0,654.0,15966037,10482307502,16065,-9.00,636.3637822357127
20240510,657.0,658.0,637.0,638.0,8508864,5472084883,9564,-16.00,620.7952493369799
20240513,650.0,666.0,626.0,626.0,18889068,12167544408,18021,-12.00,609.1188496629301
20240514,628.0,646.0,621.0,645.0,10989791,6950292202,11375,+19.00,627.6064824801756
20240515,659.0,672.0,643.0,644.0,17214134,11336977297,16477,-1.00,626.6334491740047
20240516,656.0,677.0,650.0,651.0,20039495,13287287838,21834,+7.00,633.4446823172004
20240517,656.0,667.0,651.0,660.0,10659333,7014420432,14458,+9.00,642.2019820727378
20240520,662.0,667.0,637.0,638.0,11681234,7574142903,13237,-22.00,620.7952493369799
20240521,641.0,650.0,635.0,650.0,8075434,5211431432,8051,+12.00,632.4716490110295
20240522,650.0,662.0,648.0,660.0,8522457,5584807786,7868,+10.00,642.2019820727378
20240523,671.0,725.0,665.0,708.0,26509941,18484904338,27031,+48.00,688.9075807689369
20240524,703.0,713.0,690.0,706.0,12370519,8689319658,13380,-2.00,686.9615141565953
20240527,730.0,752.0,727.0,738.0,14474065,10678527201,16957,+32.00,718.0985799540614
20240528,743.0,785.0,743.0,783.0,15452120,11915399077,17094,+45.00,761.8850787317479
20240529,789.0,817.0,785.0,811.0,16367737,13183653212,17921,+28.00,789.1300113045307
20240530,797.0,811.0,781.0,781.0,13394233,10645645652,18694,-30.00,759.9390121194064
20240531,790.0,796.0,755.0,769.0,43486215,33514461452,20013,-12.00,748.2626124453566
20240603,775.0,794.0,721.0,736.0,18522990,13986800135,23859,-33.00,716.1525133417197
20240604,737.0,748.0,710.0,721.0,12697385,9224371760,16837,-15.00,701.5570137491574
20240605,725.0,726.0,677.0,685.0,14707031,10243145661,22383,-36.00,666.5278147270081
20240606,699.0,702.0,646.0,660.0,24963824,16682187943,29001,-25.00,642.2019820727378
20240607,656.0,665.0,617.0,620.0,24895924,15894699083,32155,-40.00,603.2806498259051
20240611,646.0,675.0,643.0,665.0,18716056,12354933759,21383,+45.00,647.0671486035919
20240612,662.0,688.0,638.0,688.0,19448972,12899629724,21247,+23.00,669.4469146455207
20240613,716.0,721.0,698.0,712.0,18042667,12800728099,19829,+24.00,692.7997139936201
20240614,717.0,744.0,707.0,739.0,17405424,12642592986,19894,+27.00,719.0716132602322
20240617,750.0,756.0,719.0,723.0,13707644,10071688497,18794,-16.00,703.5030803614991
20240618,734.0,737.0,703.0,713.0,10752849,7704775312,14453,-10.00,693.7727472997909
20240619,719.0,720.0,701.0,704.0,14456481,10275592553,16889,-9.00,685.0154475442536
20240620,707.0,745.0,707.0,740.0,14033095,10287198954,16834,+36.00,720.0446465664029
20240621,726.0,742.0,714.0,731.0,15767211,11497721871,14418,-9.00,711.2873468108656
20240624,725.0,731.0,711.0,714.0,8890841,6401860751,11587,-17.00,694.7457806059617
20240625,707.0,710.0,686.0,701.0,10997269,7651305947,15097,-13.00,682.0963476257411
20240626,710.0,749.0,710.0,740.0,13574740,9952799251,15963,+39.00,720.0446465664029
20240627,730.0,755.0,730.0,736.0,14035976,10431465799,15655,-4.00,716.1525133417197
20240628,756.0,773.0,745.0,765.0,16873124,12849541075,18622,+29.00,744.3704792206734
20240701,765.0,786.0,741.0,743.0,15583669,11937347985,25608,-22.00,722.9637464849154
20240702,743.0,756.0,730.0,752.0,11471651,8549117187,12071,+9.00,731.7210462404527
20240703,757.0,770.0,743.0,745.0,13049882,9867177364,14855,-7.00,724.909813097257
20240704,758.0,768.0,748.0,752.0,8633055,6523013594,9071,+7.00,731.7210462404527
20240705,759.0,767.0,748.0,764.0,7951054,6030438595,10116,+12.00,743.3974459145024
20240708,773.0,776.0,735.0,745.0,10919573,8181488137,16928,-19.00,724.909813097257
20240709,750.0,754.0,710.0,727.0,10962546,7989458389,15231,-18.00,707.3952135861824
20240710,734.0,736.0,723.0,726.0,6270580,4571260614,7204,-1.00,706.4221802800116
20240711,733.0,737.0,708.0,714.0,8484104,6089392196,14858,-12.00,694.7457806059617
20240712,707.0,721.0,701.0,709.0,7224346,5119121588,11007,-5.00,689.8806140751077
20240715,712.0,713.0,694.0,702.0,6438853,4509684481,10301,-7.00,683.069380931912
20240716,704.0,709.0,690.0,691.0,5781944,4027111113,9476,-11.00,672.366014564033
20240717,694.0,710.0,690.0,690.0,6402006,4472486188,8814,-1.00,671.3929812578622
20240718,670.0,680.0,653.0,675.0,9811674,6523730083,15299,-15.00,656.7974816653
20240719,676.0,698.0,670.0,687.0,8237795,5646863810,9851,+12.00,668.4738813393498
20240722,696.0,697.0,628.0,634.0,14539598,9510132069,20200,-53.00,616.9031161122965
20240723,647.0,676.0,643.0,669.0,8659947,5728860754,9714,+35.00,650.959281828275
20240726,623.0,636.0,612.0,613.0,11013333,6846729688,18954,-56.00,596.4694166827095
20240729,628.0,628.0,588.0,590.0,12621304,7623723892,16042,-23.00,574.0896506407807
20240730,600.0,643.0,593.0,639.0,13952089,8654784767,16349,+49.00,621.7682826431507
20240731,631.0,656.0,628.0,636.0,9467722,6092591189,11679,-3.00,618.8491827246382
20240801,668.0,668.0,648.0,655.0,7932609,5212292300,8716,+19.00,637.3368155418838
20240802,608.0,640.0,592.0,594.0,12864948,7871029042,19019,-61.00,577.981783865464
20240805,536.0,549.0,535.0,535.0,9196285,4943726605,12372,-59.00,520.572818801386
20240806,561.0,561.0,484.0,526.0,15925656,8380570137,15527,-9.00,511.81551904584865
20240807,533.0,576.0,528.0,559.0,11662628,6463541738,14246,+33.00,543.9256181494856
20240808,541.0,549.0,521.0,530.0,13326706,7127858233,14809,-29.00,515.7076522705319
20240809,560.0,582.0,554.0,568.0,10122414,5789067765,10340,+38.00,552.6829179050228
20240812,580.0,605.0,573.0,585.0,16980984,9995177152,16696,+17.00,569.2244841099267
20240813,602.0,605.0,576.0,587.0,9714063,5735393060,10404,+2.00,571.1705507222682
20240814,606.0,617.0,593.0,597.0,8339410,5025372412,10266,+10.00,580.9008837839765
20240815,599.0,613.0,593.0,594.0,7435359,4477834571,8558,X0.00,584.7969168781659
20240816,614.0,634.0,606.0,626.0,10542659,6577674997,12746,+32.00,616.3011278884376
20240819,629.0,629.0,609.0,617.0,7446692,4601406388,10250,-9.00,607.4405685417987
20240820,625.0,635.0,611.0,616.0,6817021,4230475261,8119,-1.00,606.4560619477278
20240821,605.0,620.0,604.0,606.0,4713149,2872794859,6344,-10.00,596.6109960070178
20240822,611.0,614.0,599.0,606.0,3954867,2395469215,5502, 0.00,596.6109960070178
20240823,599.0,612.0,594.0,612.0,5171682,3121548149,6333,+6.00,602.5180355714438
20240826,620.0,632.0,610.0,610.0,9086053,5646959751,9857,-2.00,600.5490223833018
20240827,610.0,614.0,598.0,613.0,6281747,3808875633,8580,+3.00,603.5025421655147
20240828,617.0,620.0,603.0,613.0,6124327,3753278356,6362, 0.00,603.5025421655147
20240829,600.0,604.0,592.0,598.0,6377175,3814151335,8649,-15.00,588.73494325445
20240830,602.0,606.0,597.0,606.0,6622199,3995243283,5125,+8.00,596.6109960070178
20240902,602.0,611.0,568.0,574.0,10026720,5889265555,15311,-32.00,565.1067849967462
20240903,575.0,597.0,570.0,570.0,9081000,5268011596,10501,-4.00,561.1687586204624
20240904,516.0,542.0,513.0,515.0,12058015,6305856353,21934,-55.00,507.0208959465581
20240905,518.0,538.0,507.0,525.0,13236060,6896421410,15013,+10.00,516.865961887268
20240906,527.0,534.0,510.0,511.0,10304152,5331763775,13051,-14.00,503.0828695702741
20240909,496.0,549.0,495.5,545.0,13760038,7243733490,14351,+34.00,536.5560937686877
20240910,548.0,555.0,505.0,512.0,17357772,9175892128,21783,-33.00,504.0673761643451
20240911,521.0,530.0,512.0,521.0,8034908,4192220545,7887,+9.00,512.927935510984
20240912,557.0,563.0,541.0,555.0,12572548,6961200558,14222,+34.00,546.4011597093975
20240913,560.0,562.0,546.0,554.0,6904913,3815635909,8996,-1.00,545.4166531153265
20240916,555.0,558.0,542.0,544.0,4386299,2397673921,5685,-10.00,535.5715871746166
20240918,553.0,554.0,529.0,537.0,6491391,3523010122,7286,-7.00,528.6800410161197
20240919,546.0,563.0,545.0,561.0,8786554,4887663243,9939,+24.00,552.3081992738234
20240920,576.0,579.0,556.0,558.0,10272136,5792465186,10311,-3.00,549.3546794916106
20240923,568.0,584.0,564.0,569.0,8864935,5075883463,9563,+11.00,560.1842520263913
20240924,565.0,571.0,559.0,571.0,5971306,3380079320,9347,+2.00,562.1532652145333
20240925,578.0,597.0,572.0,581.0,9940104,5795525705,10977,+10.00,571.9983311552431
20240926,589.0,633.0,585.0,617.0,23594666,14455699713,25742,+36.00,607.4405685417987
20240927,623.0,630.0,611.0,624.0,15090320,9362269556,15449,+7.00,614.3321147002956
20240930,619.0,623.0,590.0,590.0,11149278,6722629146,16044,-34.00,580.8588905018821
20241001,598.0,606.0,582.0,585.0,8197085,4863960856,10081,-5.00,575.9363575315272
20241004,594.0,612.0,592.0,604.0,10105054,6105758953,10584,+19.00,594.6419828188759
20241007,617.0,618.0,608.0,611.0,7101570,4348532155,7788,+7.00,601.5335289773728
20241008,611.0,622.0,608.0,611.0,6572281,4031453478,7352, 0.00,601.5335289773728
20241009,620.0,622.0,605.0,605.0,5902050,3619905059,7948,-6.00,595.6264894129469
20241011,615.0,638.0,614.0,629.0,13756372,8657520314,17819,+24.00,619.2546476706506
20241014,632.0,658.0,630.0,647.0,13255904,8559406515,21023,+18.00,636.9757663639282
20241015,658.0,680.0,654.0,679.0,15412738,10305742586,18172,+32.00,668.4799773741998
20241016,666.0,681.0,658.0,676.0,10274768,6891743871,14613,-3.00,665.5264575919869
20241017,678.0,683.0,666.0,679.0,8558641,5785778903,9945,+3.00,668.4799773741998
20241018,691.0,699.0,676.0,681.0,12884187,8851424285,14918,+2.00,670.4489905623418
20241021,681.0,695.0,677.0,677.0,8323429,5702282598,9542,-4.00,666.5109641860579
20241022,677.0,687.0,674.0,683.0,4804114,3266741205,6100,+6.00,672.4180037504838
20241023,681.0,693.0,676.0,686.0,5432962,3728433919,6796,+3.00,675.3715235326969
20241024,688.0,689.0,651.0,656.0,11019725,7312469474,23249,-30.00,645.8363257105672
20241025,657.0,664.0,653.0,664.0,5140180,3383821790,5969,+8.00,653.712378463135
20241028,663.0,666.0,640.0,648.0,7029020,4563062831,8890,-16.00,637.9602729579993
20241029,641.0,642.0,620.0,626.0,7342277,4621842799,10717,-22.00,616.3011278884376
20241030,633.0,653.0,631.0,638.0,8528797,5476894418,9079,+12.00,628.1152070172894
20241101,610.0,641.0,608.0,637.0,6752112,4246064430,8664,-1.00,627.1307004232184
20241104,637.0,654.0,625.0,654.0,5074682,3254853750,5950,+17.00,643.8673125224252
20241105,649.0,659.0,646.0,656.0,4719313,3083550864,5812,+2.00,645.8363257105672
20241106,666.0,680.0,659.0,674.0,8446571,5676851557,9803,+18.00,663.557444403845
20241107,674.0,683.0,671.0,675.0,6013520,4066949935,6351,+1.00,664.5419509979159
20241108,686.0,694.0,682.0,687.0,8898073,6122298631,10523,+12.00,676.3560301267678
20241111,687.0,691.0,679.0,687.0,3177423,2175403561,4290, 0.00,676.3560301267678
20241112,680.0,684.0,661.0,661.0,4994339,3345091557,10124,-26.00,650.7588586809221
20241113,661.0,674.0,656.0,661.0,5166270,3435694194,6984, 0.00,650.7588586809221
20241114,680.0,694.0,670.0,685.0,10804194,7359676864,12409,+24.00,674.3870169386257
20241115,693.0,698.0,644.0,648.0,15673137,10403714355,20378,-37.00,637.9602729579993
20241118,650.0,659.0,636.0,638.0,6234714,4021635385,7812,-10.00,628.1152070172894
20241119,645.0,662.0,638.0,648.0,7558736,4911953727,7863,+10.00,637.9602729579993
20241120,659.0,675.0,659.0,666.0,8351821,5571865553,9130,+18.00,655.681391651277
20241121,659.0,673.0,648.0,650.0,7323694,4815182219,13165,-16.00,639.9292861461413
20241122,661.0,664.0,651.0,652.0,4742900,3114484883,5525,+2.00,641.8982993342831
20241125,657.0,670.0,656.0,669.0,5538693,3685050279,5586,+17.00,658.63491143349
20241126,660.0,664.0,646.0,649.0,5923796,3857105241,8415,-20.00,638.9447795520703
20241127,650.0,658.0,630.0,630.0,5368528,3445403611,8391,-19.00,620.2391542647215
20241128,631.0,640.0,621.0,640.0,5175118,3267856998,6730,+10.00,630.0842202054314
20241129,632.0,646.0,630.0,643.0,3597478,2302101703,4718,+3.00,633.0377399876444
20241202,648.0,684.0,647.0,678.0,12958124,8728133520,15379,+35.00,667.4954707801288
20241203,692.0,718.0,684.0,697.0,15290442,10719850937,18903,+19.00,686.2010960674776
20241204,705.0,714.0,696.0,714.0,8590761,6070544986,11809,+17.00,702.9377081666844
20241205,722.0,726.0,711.0,715.0,6117937,4391984849,7754,+1.00,703.9222147607554
20241206,715.0,721.0,708.0,711.0,5307157,3789704256,7005,-4.00,699.9841883844714
20241209,710.0,712.0,693.0,708.0,7494660,5262190471,10051,-3.00,697.0306686022585
20241210,702.0,703.0,682.0,682.0,7558764,5201131171,13477,-26.00,671.4334971564128
20241211,676.0,703.0,676.0,700.0,7540380,5239143098,8476,+18.00,689.1546158496906
20241212,709.0,716.0,691.0,693.0,6723450,4715636721,8319,-7.00,682.2630696911937
20241213,693.0,699.0,683.0,686.0,3091220,2131469126,4781,-7.00,675.3715235326969
20241216,690.0,695.0,637.0,637.0,12387010,8090375934,27015,-49.00,627.1307004232184
20241217,639.0,655.0,639.0,651.0,5933039,3845055653,7291,+14.00,640.9137927402122
20241218,645.0,647.0,616.0,630.0,11170566,6998269501,18072,-21.00,620.2391542647215
20241219,613.0,636.0,613.0,633.0,5896201,3703958446,6769,+3.00,623.1926740469345
20241220,629.0,640.0,621.0,634.0,9296739,5861388619,8893,+1.00,624.1771806410054
20241223,644.0,650.0,635.0,636.0,5264830,3377713838,6876,+2.00,626.1461938291475
20241224,644.0,645.0,633.0,634.0,3976698,2534111774,5499,-2.00,624.1771806410054
20241225,638.0,643.0,635.0,636.0,2390222,1526127794,3215,+2.00,626.1461938291475
20241226,639.0,651.0,632.0,642.0,4014343,2582464862,5386,+6.00,632.0532333935734
20241227,645.0,645.0,633.0,636.0,3157986,2012543433,4375,-6.00,626.1461938291475
20241230,634.0,643.0,627.0,627.0,3368938,2132190378,5231,-9.00,617.2856344825085
20241231,628.0,632.0,622.0,623.0,2860038,1786633032,4342,-4.00,613.3476081062246
20250102,623.0,639.0,614.0,615.0,4734406,2957686538,7971,-8.00,605.4715553536566
20250103,620.0,626.0,611.0,624.0,3713963,2302673750,4941,+9.00,614.3321147002956
20250106,632.0,636.0,627.0,627.0,4444331,2800812549,5453,+3.00,617.2856344825085
20250107,636.0,642.0,634.0,637.0,4232160,2697080997,5613,+10.00,627.1307004232184
20250108,632.0,633.0,611.0,615.0,6713301,4156009386,12858,-22.00,605.4715553536566
20250109,616.0,618.0,572.0,574.0,13456408,7932120922,29585,-41.00,565.1067849967462
20250110,575.0,576.0,545.0,549.0,11796683,6553218720,19475,-25.00,540.4941201449716
20250113,547.0,551.0,515.0,516.0,10814033,5681171640,17626,-33.00,508.00540254062906
20250114,520.0,525.0,513.0,520.0,8788193,4556983379,10328,+4.00,511.94342891691304
20250115,516.0,522.0,500.0,502.0,7652794,3889889542,13248,-18.00,494.22231022363525
20250116,518.0,533.0,514.0,527.0,7120252,3721762619,8818,+25.00,518.83497507541
20250117,526.0,539.0,508.0,530.0,10135724,5295045020,11185,+3.00,521.7884948576228
20250120,538.0,566.0,535.0,565.0,9214658,5118792869,11422,+35.00,556.2462256501075
20250121,565.0,565.0,550.0,552.0,6737935,3737709389,9394,-13.00,543.4476399271846
20250122,563.0,581.0,562.0,579.0,9315682,5338973187,11814,+27.00,570.0293179671012
20250203,522.0,522.0,522.0,522.0,3560200,1858591994,11820,-57.00,513.912442105055
20250204,519.0,524.0,486.0,508.0,22732433,11428372521,29468,-14.00,500.1293497880612
20250205,524.0,543.0,519.0,526.0,12455579,6594755342,14424,+18.00,517.8504684813389
20250206,531.0,547.0,531.0,535.0,8799982,4740273835,9503,+9.00,526.7110278279778
20250207,543.0,549.0,531.0,549.0,6696356,3629072262,8423,+14.00,540.4941201449716
20250210,530.0,541.0,524.0,538.0,9422423,5020310382,10726,-11.00,529.6645476101908
20250211,543.0,552.0,541.0,545.0,7556974,4126901341,7711,+7.00,536.5560937686877
20250212,545.0,565.0,543.0,553.0,9906875,5503758317,10753,+8.00,544.4321465212556
20250213,557.0,563.0,549.0,556.0,6952028,3872883638,8168,+3.00,547.3856663034685
20250214,556.0,565.0,546.0,560.0,5727340,3188099954,6761,+4.00,551.3236926797524
20250217,565.0,574.0,558.0,562.0,6055245,3428413645,7143,+2.00,553.2927058678944
20250218,563.0,579.0,559.0,579.0,5778691,3299679005,7296,+17.00,570.0293179671012
20250219,581.0,583.0,564.0,564.0,6621890,3788428113,10504,-15.00,555.2617190560364
20250220,564.0,569.0,555.0,563.0,3523021,1980487929,4935,-1.00,554.2772124619654
20250221,564.0,569.0,558.0,568.0,3182727,1800075125,3963,+5.00,559.1997454323204
20250224,554.0,556.0,541.0,542.0,8755605,4770174922,14672,-26.00,533.6025739864747
20250225,528.0,539.0,523.0,528.0,6405932,3387114755,10744,-14.00,519.8194816694809
20250226,525.0,554.0,524.0,549.0,8688661,4706990884,9377,+21.00,540.4941201449716
20250227,553.0,567.0,536.0,537.0,10141764,5551885904,13527,-12.00,528.6800410161197
20250303,528.0,533.0,519.0,519.0,5256958,2757095492,8727,-18.00,510.95892232284206
20250304,506.0,537.0,500.0,534.0,7628957,3989250173,8986,+15.00,525.7265212339069
20250305,549.0,576.0,548.0,566.0,14570981,8202609379,17233,+32.00,557.2307322441784
20250306,570.0,582.0,562.0,576.0,11321459,6498990984,12208,+10.00,567.0757981848882
20250307,566.0,573.0,558.0,559.0,9004617,5077385947,10754,-17.00,550.3391860856815
20250310,570.0,576.0,561.0,564.0,6749861,3830927861,7659,+5.00,555.2617190560364
20250311,548.0,570.0,540.0,560.0,9632730,5371742875,14650,-4.00,551.3236926797524
20250312,567.0,578.0,555.0,556.0,8575540,4854308469,13956,-4.00,547.3856663034685
20250313,574.0,582.0,564.0,566.0,15444533,8853727105,16194,+10.00,557.2307322441784
20250314,573.0,579.0,563.0,576.0,9754386,5583104890,10767,+10.00,567.0757981848882
20250317,580.0,587.0,560.0,561.0,8647320,4936050368,12039,-15.00,552.3081992738234
20250318,569.0,573.0,561.0,564.0,4322809,2446311298,4723,+3.00,555.2617190560364
20250319,562.0,562.0,531.0,533.0,9325465,5041924679,15840,-31.00,524.7420146398358
20250320,540.0,558.0,537.0,551.0,7343784,4014399409,8352,+18.00,542.4631333331137
20250321,550.0,551.0,535.0,535.0,5552344,2990980357,7703,-16.00,526.7110278279778
20250324,539.0,540.0,516.0,520.0,8027474,4207796709,13036,-15.00,511.94342891691304
20250325,532.0,536.0,523.0,526.0,5007430,2647790796,5580,+6.00,517.8504684813389
20250326,527.0,534.0,522.0,532.0,3776115,1997915888,4729,+6.00,523.7575080457649
20250327,520.0,530.0,511.0,530.0,6570351,3424711063,7619,-2.00,521.7884948576228
20250328,517.0,523.0,504.0,504.0,6485205,3314881336,11426,-26.00,496.19132341177726
20250331,485.0,492.0,454.0,454.0,10492553,4899739845,20924,-50.00,446.96599370822787
20250401,454.0,462.0,451.0,458.5,6913817,3156444902,8741,+4.50,451.3962733815473
20250402,463.5,478.0,462.0,466.0,5337726,2496523960,7262,+7.50,458.78007283707973
20250407,419.5,419.5,419.5,419.5,295599,124003439,1843,-46.50,413.00051621277885
20250408,378.0,378.0,378.0,378.0,2931624,1108169610,6841,-41.50,372.14349255883286
20250409,346.0,357.5,340.5,340.5,10095428,3496524919,10960,-37.50,335.2244952811709
20250410,374.5,374.5,374.5,374.5,2646685,991183403,1450,+34.00,368.69771947958446
20250411,365.5,411.5,347.0,411.5,16450778,6393857030,17653,+37.00,405.12446346021096
20250414,432.0,445.0,413.0,422.0,11963470,5124998602,13610,+10.50,415.4617826979563
20250415,424.5,437.5,421.0,435.0,7848977,3385809199,9006,+13.00,428.26036842087916
20250416,425.0,437.0,411.5,415.5,8033731,3400215820,11560,-19.50,409.0624898364949
20250417,409.5,421.0,401.0,418.5,9351255,3846588341,9682,+3.00,412.01600961870787
20250418,415.0,421.0,410.0,417.0,6511983,2709173920,6963,-1.50,410.5392497276014
20250421,411.0,416.0,400.0,403.0,5323387,2161500329,6323,-14.00,396.75615741060756
20250422,393.0,413.5,392.5,398.5,8101364,3258984828,8548,-4.50,392.3258777372881
20250423,417.5,429.5,414.0,428.0,7870926,3323919073,8701,+29.50,421.36882226238225
20250424,434.0,445.0,424.0,441.0,10753572,4680639613,10784,+13.00,434.1674079853051
20250425,465.0,485.0,461.0,471.0,14118355,6695939233,15139,+30.00,463.7026058074346
20250428,473.5,485.0,471.5,480.5,9981629,4772882248,10084,+9.50,473.055418451109
20250429,478.0,479.0,471.5,477.0,5041390,2395841806,6310,-3.50,469.60964537186055
20250430,473.0,474.0,463.0,464.0,5199919,2433773102,7955,-13.00,456.81105964893777
20250502,482.0,509.0,481.0,507.0,11737408,5814304280,14274,+43.00,499.14484319399014
20250505,512.0,515.0,496.5,502.0,9025076,4551565240,12409,-5.00,494.22231022363525
20250506,498.0,516.0,495.0,513.0,6653041,3398945408,7623,+11.00,505.05188275841607
20250507,520.0,527.0,511.0,517.0,6511650,3374128462,9232,+4.00,508.9899091347
20250508,525.0,530.0,515.0,526.0,7660005,4018477955,8888,+9.00,517.8504684813389
20250509,530.0,535.0,523.0,529.0,6473258,3421182476,6861,+3.00,520.8039882635519
20250512,535.0,541.0,533.0,541.0,4399937,2368910283,5919,+12.00,532.6180673924038
20250513,559.0,565.0,551.0,563.0,9410603,5264525896,13093,+22.00,554.2772124619654
20250514,616.0,617.0,602.0,609.0,16172144,9856335785,20163,+46.00,599.5645157892309
20250515,612.0,612.0,598.0,605.0,7344676,4434140075,9948,-4.00,595.6264894129469
20250516,608.0,610.0,601.0,601.0,4857521,2938707440,6430,-4.00,591.6884630366628
20250519,602.0,612.0,595.0,595.0,7709620,4652599593,12230,-6.00,585.781423472237
20250520,607.0,608.0,597.0,598.0,5411507,3252775359,6215,+3.00,588.73494325445
20250521,602.0,622.0,601.0,619.0,8692245,5330706120,11243,+21.00,609.4095817299407
20250522,611.0,619.0,609.0,615.0,4685517,2876478564,6386,-4.00,605.4715553536566
20250523,622.0,622.0,601.0,603.0,5401599,3289031815,19165,-12.00,593.6574762248049
20250526,604.0,610.0,596.0,603.0,4810116,2902692810,5641, 0.00,593.6574762248049
20250527,603.0,610.0,601.0,608.0,3520495,2134010640,4546,+5.00,598.5800091951597
20250528,625.0,625.0,609.0,614.0,6350672,3921482247,9061,+6.00,604.4870487595857
20250529,624.0,626.0,619.0,620.0,6905967,4293666574,8575,+6.00,610.3940883240116
20250602,615.0,629.0,608.0,629.0,7056783,4375053016,9163,+9.00,619.2546476706506
20250603,642.0,668.0,640.0,659.0,17581899,11555221300,21337,+30.00,648.78984549278
20250604,681.0,691.0,674.0,681.0,16978253,11609313740,20260,+22.00,670.4489905623418
20250605,676.0,681.0,668.0,676.0,6306761,4255157384,8526,-5.00,665.5264575919869
20250606,677.0,685.0,666.0,681.0,9740274,6601281481,11125,+5.00,670.4489905623418
20250609,689.0,693.0,679.0,682.0,7697805,5234434134,7840,+1.00,671.4334971564128
20250610,687.0,703.0,686.0,701.0,9496386,6602364443,13441,+19.00,690.1391224437616
20250611,704.0,724.0,702.0,724.0,11657004,8342079689,15964,+23.00,712.7827741073942
20250612,723.0,775.0,718.0,759.0,19353013,14588574938,26624,+35.00,747.2405048998788
20250613,750.0,768.0,745.0,763.0,10336809,7826832746,13561,+4.00,751.1785312761626
20250616,749.0,765.0,746.0,750.0,8336561,6277212744,11730,-13.00,738.3799455532398
20250617,760.0,771.0,750.0,757.0,10232736,7768402085,11389,+7.00,745.2714917117369
20250618,760.0,766.0,722.0,730.0,12308298,9111817847,29877,-27.00,718.6898136718202
20250619,735.0,745.0,733.0,741.0,7915074,5857442583,9890,+11.00,729.519386206601
20250620,740.0,740.0,713.0,734.0,9294094,6747945198,14121,-7.00,722.6278400481041
20250623,722.0,735.0,722.0,729.0,5449121,3966880162,7104,-5.00,717.7053070777491
20250624,742.0,750.0,733.0,737.0,5895129,4365334510,7413,+8.00,725.5813598303171
20250625,747.0,758.0,739.0,745.0,7176761,5364060517,9156,+8.00,733.457412582885
20250626,752.0,752.0,725.0,738.0,5830136,4289717701,8345,-7.00,726.5658664243881
20250627,742.0,743.0,731.0,737.0,4019238,2961572815,5320,-1.00,725.5813598303171
20250630,737.0,745.0,732.0,743.0,4109704,3039581757,5301,+6.00,731.4883993947429
20250701,749.0,764.0,744.0,755.0,9577499,7248800705,12478,+12.00,743.3024785235948
20250702,753.0,778.0,753.0,759.0,9705868,7419792898,11050,+4.00,747.2405048998788
20250703,770.0,788.0,768.0,783.0,12939676,10093786630,18097,+24.00,770.8686631575825
20250704,798.0,800.0,775.0,777.0,9125946,7189193618,15753,-6.00,764.9616235931566
20250707,775.0,776.0,755.0,762.0,5566516,4244713879,8725,-15.00,750.1940246820917
20250708,770.0,795.0,761.0,795.0,8284377,6455668147,12431,+33.00,782.6827422864343
20250709,792.0,812.0,787.0,811.0,8679935,6982360656,12300,+16.00,798.4348477915701
20250710,822.0,848.0,820.0,845.0,10875991,9098980604,16218,+34.00,831.9080719899836
20250711,840.0,844.0,815.0,827.0,8846226,7316325845,14263,-18.00,814.1869532967058
20250714,827.0,838.0,824.0,829.0,4867054,4039863526,7305,+2.00,816.1559664848479
20250715,838.0,854.0,828.0,853.0,8021565,6771974919,11376,+24.00,839.7841247425515
20250716,869.0,878.0,842.0,848.0,8910759,7666213509,13211,-5.00,834.8615917721966
20250717,849.0,858.0,837.0,844.0,6211225,5263862563,9316,-4.00,830.9235653959126
20250718,855.0,895.0,853.0,891.0,9993550,8744825463,16243,+47.00,877.1953753172489
20250721,892.0,895.0,867.0,872.0,7289416,6390505206,13533,-19.00,858.4897500299002
20250722,875.0,881.0,844.0,852.0,7117271,6136383209,13058,-20.00,838.7996181484805
20250723,858.0,865.0,839.0,844.0,6607764,5611614904,12431,-8.00,830.9235653959126
20250724,848.0,862.0,840.0,856.0,5267779,4488506734,7284,+12.00,842.7376445247645
20250725,856.0,862.0,844.0,849.0,3925244,3338766933,5893,-7.00,835.8460983662676
20250728,859.0,873.0,856.0,873.0,4916101,4255579920,7569,+24.00,859.4742566239713
20250729,874.0,884.0,866.0,878.0,5763303,5045451752,8391,+5.00,864.3967895943262
20250730,884.0,890.0,855.0,872.0,5759259,5017644375,9535,-6.00,858.4897500299002
20250731,880.0,929.0,879.0,923.0,11243271,10250854382,18731,+51.00,908.6995863275205
20250801,901.0,925.0,894.0,919.0,8193467,7479096097,18440,-4.00,904.7615599512367
20250804,905.0,935.0,901.0,934.0,6666034,6143403164,10112,+15.00,919.5291588623014
20250805,975.0,995.0,972.0,977.0,10000699,9830600319,15294,+43.00,961.8629424073539
20250806,989.0,1005.0,986.0,1005.0,8641733,8622217446,13202,+28.00,989.4291270413414
20250807,1030.0,1040.0,1005.0,1025.0,4656486,4768329760,8218,+20.00,1009.1192589227612
20250808,1045.0,1090.0,1010.0,1090.0,9125367,9663531115,14385,+65.00,1073.1121875373753
20250811,1070.0,1080.0,1030.0,1080.0,6274954,6668684325,11641,-10.00,1063.2671215966654
20250812,1085.0,1095.0,1055.0,1090.0,4643037,5006078215,8528,+10.00,1073.1121875373753
20250813,1120.0,1140.0,1090.0,1120.0,6372772,7144788850,12021,+30.00,1102.6473853595048
20250814,1120.0,1130.0,1070.0,1075.0,8394548,9156339465,17818,-45.00,1058.3445886263105
20250815,1070.0,1095.0,1065.0,1070.0,3672606,3958131785,7807,-5.00,1053.4220556559555
20250818,1085.0,1170.0,1085.0,1145.0,7812358,8877793565,13768,+75.00,1127.2600502112796
20250819,1145.0,1150.0,1070.0,1070.0,7130669,7891817045,15362,X0.00,1062.6381164870181
20250820,1020.0,1070.0,1005.0,1005.0,7568337,7779978555,17566,-65.00,998.0853337097692
20250821,1030.0,1060.0,1020.0,1050.0,6301931,6570424515,9225,+45.00,1042.7757217863261
20250822,1065.0,1070.0,1020.0,1030.0,3447617,3584646425,6987,-20.00,1022.9133270856341
20250825,1080.0,1090.0,1055.0,1060.0,4711369,5042132390,7339,+30.00,1052.706919136672
20250826,1055.0,1065.0,1015.0,1025.0,5822783,5976632985,10907,-35.00,1017.9477284104612
20250827,1035.0,1055.0,1020.0,1050.0,4634041,4826760665,6998,+25.00,1042.7757217863261
20250828,1050.0,1055.0,999.0,1015.0,8049065,8176973260,16205,-35.00,1008.0165310601152
20250829,1025.0,1030.0,1010.0,1010.0,5930548,6039671690,9239,-5.00,1003.0509323849423
20250901,986.0,1005.0,938.0,941.0,12965993,12495924300,32040,-69.00,934.5256706675551
20250902,964.0,976.0,942.0,949.0,7478377,7163956714,12703,+8.00,942.4706285478319
20250903,950.0,954.0,936.0,936.0,5278547,4981515606,12756,-13.00,929.5600719923821
20250904,942.0,952.0,916.0,935.0,6747256,6305801691,13114,-1.00,928.5669522573476
20250905,950.0,952.0,924.0,944.0,9202548,8635050234,16347,+9.00,937.5050298726588
20250908,959.0,981.0,950.0,964.0,9220136,8911505462,15093,+20.00,957.3674245733508
20250909,972.0,974.0,957.0,961.0,7644952,7388684205,12139,-3.00,954.388065368247
20250910,972.0,995.0,968.0,979.0,10817353,10615021235,17795,+18.00,972.2642205988698
20250911,1000.0,1065.0,992.0,1025.0,16075555,16543998582,27565,+46.00,1017.9477284104612
20250912,1060.0,1075.0,1035.0,1050.0,12446355,13132319905,18836,+25.00,1042.7757217863261
20250915,1070.0,1095.0,1040.0,1045.0,9915034,10568345270,16135,-5.00,1037.8101231111532
20250916,1060.0,1070.0,1030.0,1040.0,7216355,7560342785,11325,-5.00,1032.84452443598
20250917,1030.0,1040.0,999.0,1005.0,6541468,6610679075,13280,-35.00,998.0853337097692
20250918,1015.0,1065.0,1000.0,1055.0,8027015,8317369060,12201,+50.00,1047.741320461499
20250919,1070.0,1075.0,1030.0,1040.0,6438632,6731157355,8644,-15.00,1032.84452443598
20250922,1045.0,1055.0,1010.0,1015.0,5224907,5377914085,9722,-25.00,1008.0165310601152
20250923,1060.0,1080.0,1010.0,1015.0,6659412,6956825835,10004, 0.00,1008.0165310601152
20250924,997.0,1000.0,950.0,994.0,10754935,10559145423,23975,-21.00,987.1610166243887
20250925,974.0,997.0,959.0,960.0,7976087,7758589109,21020,-34.00,953.3949456332124
20250926,957.0,964.0,937.0,941.0,5688933,5380537723,13820,-19.00,934.5256706675551
20250930,956.0,988.0,956.0,981.0,6136788,5966075691,10370,+40.00,974.250460068939
20251001,988.0,1030.0,986.0,1025.0,9476385,9563721819,15150,+44.00,1017.9477284104612
20251002,1075.0,1120.0,1065.0,1100.0,15041799,16504548120,26063,+75.00,1092.431708538056
20251003,1115.0,1165.0,1090.0,1165.0,11934596,13544192730,22929,+65.00,1156.9844913153047
20251007,1195.0,1200.0,1135.0,1150.0,9519860,11064369615,16524,-15.00,1142.0876952897856
20251008,1150.0,1160.0,1110.0,1145.0,7252745,8247372540,13761,-5.00,1137.1220966146127
20251009,1165.0,1175.0,1130.0,1170.0,6332081,7334853170,13051,+25.00,1161.9500899904776
20251013,1085.0,1160.0,1085.0,1160.0,6936997,7866123750,12470,-10.00,1152.0188926401318
20251014,1180.0,1230.0,1155.0,1155.0,13218749,15731062705,22312,-5.00,1147.0532939649586
20251015,1180.0,1230.0,1165.0,1220.0,9886168,11911462725,15686,+65.00,1211.6060767422075
20251016,1230.0,1230.0,1180.0,1195.0,5608061,6741809730,12892,-25.00,1186.7780833663426
20251017,1190.0,1220.0,1145.0,1150.0,7185867,8393214220,17587,-45.00,1142.0876952897856
20251020,1170.0,1175.0,1135.0,1140.0,6220482,7161797955,9759,-10.00,1132.1564979394398
20251021,1150.0,1200.0,1150.0,1155.0,5845773,6827866455,9364,+15.00,1147.0532939649586
20251022,1130.0,1180.0,1120.0,1175.0,4495878,5209093885,7417,+20.00,1166.9156886656506
20251023,1160.0,1175.0,1150.0,1170.0,3790271,4417609875,6233,-5.00,1161.9500899904776
20251027,1205.0,1220.0,1180.0,1190.0,5918927,7066053735,8463,+20.00,1181.8124846911696
20251028,1245.0,1305.0,1240.0,1300.0,13577543,17473193745,25273,+110.00,1291.0556555449753
20251029,1320.0,1335.0,1290.0,1330.0,7916687,10420710390,13609,+30.00,1320.8492475960131
20251030,1370.0,1425.0,1360.0,1410.0,11618364,16233953960,18756,+80.00,1400.2988263987806
20251031,1440.0,1440.0,1395.0,1425.0,6889584,9797582055,12448,+15.00,1415.1956224242997
20251103,1450.0,1495.0,1445.0,1495.0,6609856,9742543915,11693,+70.00,1484.7140038767213
20251104,1510.0,1510.0,1430.0,1435.0,5815364,8510197505,16512,-60.00,1425.1268197746456
20251105,1395.0,1475.0,1390.0,1445.0,11014399,15913893775,17201,+10.00,1435.0580171249917
20251106,1485.0,1510.0,1470.0,1495.0,6544619,9775429695,11894,+50.00,1484.7140038767213
20251107,1480.0,1510.0,1465.0,1465.0,6163276,9151295990,11171,-30.00,1454.9204118256835
20251110,1505.0,1570.0,1460.0,1550.0,8217203,12520194725,15126,+85.00,1539.3355893036241
20251111,1560.0,1570.0,1520.0,1540.0,7563454,11707943295,15198,-10.00,1529.4043919532783
20251112,1555.0,1585.0,1500.0,1505.0,7957940,12200641990,16985,-35.00,1494.6452012270674
20251113,1505.0,1515.0,1470.0,1495.0,6776412,10088952570,16429,-10.00,1484.7140038767213
20251114,1435.0,1455.0,1400.0,1420.0,9611190,13660645660,26590,-75.00,1410.2300237491268
20251117,1435.0,1460.0,1410.0,1420.0,5124431,7324452315,10260, 0.00,1410.2300237491268
20251118,1400.0,1410.0,1370.0,1370.0,5798659,8045522250,15932,-50.00,1360.574036997397
20251119,1355.0,1385.0,1335.0,1340.0,5470504,7419596945,13457,-30.00,1330.780444946359
20251120,1420.0,1420.0,1330.0,1335.0,9005212,12297418710,19534,-5.00,1325.814846271186
20251121,1250.0,1280.0,1205.0,1240.0,13052742,16068223615,34145,-95.00,1231.4684714428993
20251124,1260.0,1260.0,1210.0,1245.0,8138459,10016493895,15487,+5.00,1236.4340701180724
20251125,1300.0,1340.0,1240.0,1315.0,10653298,13747004185,18525,+70.00,1305.952451570494
20251126,1350.0,1390.0,1340.0,1385.0,8361725,11452737005,16957,+70.00,1375.470833022916
20251127,1400.0,1420.0,1370.0,1395.0,6696881,9337940160,13926,+10.00,1385.4020303732618
20251128,1405.0,1410.0,1375.0,1375.0,4674610,6498432335,12414,-20.00,1365.5396356725698
20251201,1380.0,1385.0,1330.0,1340.0,4953191,6674854415,14481,-35.00,1330.780444946359
20251202,1360.0,1410.0,1310.0,1315.0,7665974,10381696540,19341,-25.00,1305.952451570494
20251203,1340.0,1365.0,1320.0,1355.0,5764345,7788445300,8704,+40.00,1345.677240971878
20251204,1370.0,1385.0,1325.0,1325.0,5497875,7425224125,11777,-30.00,1315.88364892084
20251205,1345.0,1405.0,1340.0,1385.0,8314708,11465832580,14479,+60.00,1375.470833022916
20251208,1400.0,1400.0,1370.0,1385.0,3875456,5381102435,7474, 0.00,1375.470833022916
20251209,1400.0,1430.0,1380.0,1410.0,6722511,9465023720,12052,+25.00,1400.2988263987806
20251210,1415.0,1430.0,1390.0,1425.0,4737458,6710823195,9404,+15.00,1415.1956224242997
20251211,1445.0,1450.0,1405.0,1430.0,6854831,9802328950,13192,+5.00,1420.1612210994726
20251212,1460.0,1485.0,1425.0,1425.0,5865475,8510179035,10942,-5.00,1415.1956224242997
20251215,1375.0,1390.0,1365.0,1380.0,5675750,7815851285,16973,-45.00,1370.5052343477428
20251216,1365.0,1390.0,1340.0,1345.0,4565277,6204501320,13214,-35.00,1335.746043621532
20251217,1350.0,1380.0,1340.0,1340.0,2963422,4005968095,7533,-5.00,1330.780444946359
20251218,1330.0,1365.0,1325.0,1360.0,1937359,2605663235,5101,+20.00,1350.642839647051
20251219,1385.0,1450.0,1380.0,1450.0,6314924,8971550145,15026,+90.00,1440.0236158001646
20251222,1495.0,1505.0,1465.0,1475.0,5388668,8009926700,13344,+25.00,1464.8516091760296
20251223,1485.0,1510.0,1475.0,1510.0,4084157,6120438780,10671,+35.00,1499.6107999022404
20251224,1520.0,1525.0,1485.0,1500.0,2659963,3990098495,8395,-10.00,1489.6796025518945
20251226,1505.0,1520.0,1495.0,1520.0,2493370,3757314985,7100,+20.00,1509.5419972525863
20251229,1520.0,1550.0,1505.0,1545.0,3494079,5354561885,9515,+25.00,1534.3699906284512
20251230,1530.0,1550.0,1525.0,1530.0,1929146,2961234895,5488,-15.00,1519.4731946029324
20251231,1530.0,1560.0,1510.0,1510.0,3301831,5046034645,8572,-20.00,1499.6107999022404
20260102,1535.0,1540.0,1440.0,1455.0,5780257,8489042455,20772,-55.00,1444.9892144753376
20260105,1450.0,1465.0,1430.0,1450.0,4412179,6391480390,14307,-5.00,1440.0236158001646
20260106,1480.0,1490.0,1410.0,1425.0,6635971,9483708785,19287,-25.00,1415.1956224242997
20260107,1440.0,1460.0,1375.0,1375.0,8590829,11985918760,34339,-50.00,1365.5396356725698
20260108,1350.0,1410.0,1345.0,1355.0,7760960,10689978190,22197,-20.00,1345.677240971878
20260109,1370.0,1415.0,1360.0,1375.0,6867721,9535800465,16110,+20.00,1365.5396356725698
20260112,1395.0,1400.0,1340.0,1355.0,5695057,7775639930,21503,-20.00,1345.677240971878
20260113,1375.0,1390.0,1335.0,1345.0,4710863,6394771428,17104,-10.00,1335.746043621532
20260114,1365.0,1425.0,1360.0,1420.0,6359542,8942176975,16191,+75.00,1410.2300237491268
20260115,1420.0,1425.0,1360.0,1380.0,5284664,7300102445,16231,-40.00,1370.5052343477428
20260116,1395.0,1395.0,1350.0,1360.0,4857493,6626400820,15959,-20.00,1350.642839647051
20260119,1355.0,1360.0,1275.0,1280.0,9552812,12409257815,47325,-80.00,1271.1932608442833
20260120,1275.0,1305.0,1265.0,1295.0,4832354,6217964285,13136,+15.00,1286.090056869802
20260121,1285.0,1310.0,1280.0,1280.0,3616028,4671666900,11609,-15.00,1271.1932608442833
20260122,1320.0,1370.0,1265.0,1355.0,7901222,10567497865,19468,+75.00,1345.677240971878
20260123,1385.0,1385.0,1355.0,1375.0,4242687,5805203913,10006,+20.00,1365.5396356725698
20260126,1390.0,1405.0,1365.0,1370.0,4133584,5719309050,9725,-5.00,1360.574036997397
20260127,1380.0,1440.0,1375.0,1420.0,6606873,9370966435,17358,+50.00,1410.2300237491268
20260128,1445.0,1470.0,1430.0,1465.0,5845271,8485076555,14912,+45.00,1454.9204118256835
20260129,1480.0,1510.0,1450.0,1495.0,9257577,13759185210,23344,+30.00,1484.7140038767213
20260130,1490.0,1495.0,1400.0,1460.0,6913370,9946713945,18337,-35.00,1449.9548131505105
20260202,1440.0,1505.0,1415.0,1490.0,7071740,10437827835,17818,+30.00,1479.7484052015484
20260203,1550.0,1635.0,1545.0,1635.0,14952322,23901100955,37042,+145.00,1623.7507667815648
20260204,1645.0,1710.0,1625.0,1675.0,10085080,16811953680,21700,+40.00,1663.4755561829488
20260205,1665.0,1720.0,1630.0,1630.0,6535909,10892515541,16842,-45.00,1618.785168106392
20260206,1605.0,1625.0,1535.0,1595.0,6375872,10111056350,18525,-35.00,1584.025977380181
20260209,1680.0,1680.0,1585.0,1600.0,5674608,9202968900,17444,+5.00,1588.991576055354
20260210,1625.0,1645.0,1590.0,1620.0,3737625,6021530620,8902,+20.00,1608.853970756046
20260211,1610.0,1620.0,1560.0,1605.0,3294642,5266533000,10183,-15.00,1593.957174730527
20260223,1650.0,1650.0,1515.0,1520.0,6287420,9769752650,29065,-85.00,1509.5419972525863
20260224,1535.0,1560.0,1510.0,1550.0,4176128,6414465095,12284,+30.00,1539.3355893036241
20260225,1565.0,1695.0,1560.0,1675.0,8984346,14809374795,24958,+125.00,1663.4755561829488
20260226,1680.0,1785.0,1665.0,1765.0,10544482,18338271690,23134,+90.00,1752.8563323360625
20260302,1720.0,1800.0,1715.0,1765.0,5311930,9409524235,12972, 0.00,1752.8563323360625
20260303,1830.0,1910.0,1780.0,1795.0,8804200,16185755980,23617,+30.00,1782.6499243871003
20260304,1775.0,1795.0,1670.0,1750.0,6886787,12036586325,18351,-45.00,1737.9595363105434
20260305,1860.0,1900.0,1795.0,1820.0,5484692,10145440390,13163,+70.00,1807.4779177629653
20260306,1810.0,1885.0,1785.0,1845.0,4254526,7835190860,9816,+25.00,1832.3059111388302
20260309,1665.0,1700.0,1665.0,1665.0,4090895,6840998490,22758,-180.00,1653.5443588326027
20260310,1735.0,1745.0,1665.0,1695.0,6547366,11174860850,13975,+30.00,1683.3379508836406
20260311,1740.0,1860.0,1740.0,1860.0,5418586,9859306450,15699,+165.00,1847.202707164349
20260312,1900.0,1955.0,1870.0,1875.0,6700536,12775300075,15003,+15.00,1862.099503189868
20260313,1855.0,1930.0,1815.0,1865.0,5993158,11284071615,13010,-10.00,1852.168305839522
20260316,1890.0,1920.0,1830.0,1830.0,4314909,8094126872,12601,-35.00,1817.4091151133111
20260317,1870.0,1970.0,1860.0,1905.0,5606630,10715856695,12937,+75.00,1891.893095240906
20260318,1935.0,1955.0,1850.0,1850.0,5543887,10498849744,19177,-55.00,1837.2715098140031
20260319,1835.0,2035.0,1835.0,2015.0,10256997,20359184885,28171,+165.00,2001.1362660947116
20260320,2010.0,2060.0,1945.0,2050.0,6991270,14028231360,15320,+35.00,2035.8954568209224
20260323,1985.0,2045.0,1955.0,1995.0,5032899,10003165310,17344,-55.00,1981.2738713940196
20260324,2020.0,2030.0,1915.0,1945.0,6721340,13285093275,16040,-50.00,1931.6178846422897
20260325,2020.0,2100.0,2015.0,2100.0,5596612,11561071315,15086,+155.00,2085.5514435726523
20260326,2200.0,2310.0,2175.0,2275.0,8504254,19327999055,20963,+175.00,2259.3473972037064
20260327,2200.0,2225.0,2120.0,2195.0,5491400,12019459870,16496,-80.00,2179.897818400939
20260330,2115.0,2155.0,2075.0,2135.0,3278469,6964115850,12843,-60.00,2120.310634298863
20260331,2100.0,2115.0,1945.0,1990.0,5757841,11549811957,22746,-145.00,1976.3082727188466
20260401,2120.0,2135.0,2065.0,2110.0,4034786,8527625450,10941,+120.00,2095.482640922998
20260402,2140.0,2150.0,2065.0,2070.0,3100871,6506852315,9013,-40.00,2055.757851521614
20260407,2150.0,2175.0,2015.0,2030.0,4775019,9925106585,13530,-40.00,2016.0330621202304
20260408,2200.0,2230.0,2150.0,2230.0,3868944,8534929125,13335,+200.00,2214.6570091271496
20260409,2260.0,2290.0,2200.0,2235.0,4576820,10249205525,11961,+5.00,2219.622607802323
20260410,2305.0,2320.0,2230.0,2265.0,3201925,7290607325,8945,+30.00,2249.4161998533605
20260413,2280.0,2280.0,2185.0,2200.0,3120709,6888166755,13471,-65.00,2184.863417076112
20260414,2260.0,2345.0,2260.0,2310.0,3772108,8712261840,11974,+110.00,2294.106587929917
20260415,2375.0,2375.0,2310.0,2325.0,3238805,7606030025,8717,+15.00,2309.003383955436
20260416,2380.0,2515.0,2365.0,2440.0,4611118,11271681445,12313,+115.00,2423.212153484415
20260417,2435.0,2485.0,2375.0,2400.0,3933545,9529538139,13462,-40.00,2383.487364083031
20260420,2410.0,2515.0,2395.0,2490.0,3547518,8767850520,10224,+90.00,2472.868140236145
20260421,2560.0,2585.0,2450.0,2565.0,4107167,10423384865,11967,+75.00,2547.3521203637392
20260422,2585.0,2800.0,2580.0,2695.0,5151543,13906393922,16685,+130.00,2676.457685918237
20260423,2770.0,2875.0,2585.0,2680.0,6812966,18599861205,24452,-15.00,2661.560889892718
20260424,2770.0,2945.0,2760.0,2945.0,5243084,15215988480,19510,+265.00,2924.737619676886
20260427,2990.0,3010.0,2820.0,2835.0,6583986,19058501835,32048,-110.00,2815.4944488230803
20260428,2885.0,2990.0,2755.0,2780.0,5933190,16770578225,26759,-55.00,2760.8728633961778
20260429,2735.0,2895.0,2735.0,2835.0,4122743,11663341455,12734,+55.00,2815.4944488230803
20260430,2840.0,2870.0,2805.0,2835.0,3420271,9711527456,11466, 0.00,2815.4944488230803
20260504,2920.0,2975.0,2815.0,2885.0,3728835,10768455685,12490,+50.00,2865.15043557481
20260505,2815.0,2845.0,2655.0,2705.0,8453094,23099338620,56886,-180.00,2686.388883268583
20260506,2680.0,2685.0,2435.0,2435.0,11438234,28549491260,107040,-270.00,2418.246554809242
20260507,2445.0,2500.0,2380.0,2415.0,11314013,27505267905,53351,-20.00,2398.38416010855
20260508,2405.0,2500.0,2350.0,2445.0,5937295,14501631015,28876,+30.00,2428.1777521595877
20260511,2485.0,2590.0,2455.0,2555.0,6204661,15814319510,28694,+110.00,2537.4209230133933
20260512,2625.0,2625.0,2520.0,2520.0,5010847,12858115180,22584,-35.00,2502.6617322871825
20260513,2545.0,2625.0,2500.0,2585.0,6267261,16068612240,23095,+65.00,2567.2145150644315
20260514,2700.0,2775.0,2555.0,2555.0,7168071,19001413425,29772,-30.00,2537.4209230133933
20260515,2690.0,2735.0,2445.0,2455.0,6646560,17045921560,37205,-100.00,2438.108949509934
20260518,2350.0,2435.0,2300.0,2410.0,4751185,11282056565,26243,-45.00,2393.418561433377
20260519,2455.0,2470.0,2370.0,2390.0,3542685,8556803655,14843,-20.00,2373.556166732685
20260520,2425.0,2435.0,2325.0,2340.0,3568975,8444857406,20659,-50.00,2323.9001799809553
20260521,2445.0,2515.0,2415.0,2495.0,3762794,9313044865,15490,+155.00,2477.8337389113176
20260522,2550.0,2610.0,2470.0,2545.0,5501063,13965964590,21650,+50.00,2527.4897256630475
20260525,2625.0,2640.0,2545.0,2575.0,5688149,14770448085,24641,+30.00,2557.2833177140856
20260526,2590.0,2750.0,2570.0,2725.0,6239924,16686855990,29425,+150.00,2706.2512779692747
20260527,2800.0,2835.0,2695.0,2700.0,4384212,12112986195,22061,-25.00,2681.42328459341
20260528,2740.0,2795.0,2540.0,2580.0,5097423,13522980400,32263,-120.00,2562.2489163892583
20260529,2680.0,2730.0,2615.0,2665.0,9351169,25024183485,17500,+85.00,2646.664093867199
20260601,2705.0,2835.0,2705.0,2785.0,5090031,14219678560,22986,+120.00,2765.8384620713505
20260602,2800.0,2835.0,2650.0,2700.0,4220815,11577589785,23554,-85.00,2681.42328459341
20260603,2750.0,2965.0,2700.0,2855.0,6908395,19863474820,28410,+155.00,2835.3568435237726
20260604,2805.0,2820.0,2675.0,2710.0,4446507,12139646015,26386,-145.00,2691.354481943756
20260605,2680.0,2680.0,2505.0,2600.0,4900550,12694006585,31023,-110.00,2582.1113110899505
20260608,2340.0,2570.0,2340.0,2570.0,4356915,10736707610,22359,-30.00,2552.3177190389124
20260609,2575.0,2575.0,2440.0,2545.0,6361937,15981947935,27677,-25.00,2527.4897256630475
20260610,2490.0,2505.0,2350.0,2360.0,5878553,14190024820,51628,-185.00,2343.762574681647
20260611,2340.0,2445.0,2260.0,2335.0,4531372,10578731600,23010,-25.00,2318.934581305782
20260612,2465.0,2480.0,2380.0,2405.0,2490291,6035173930,10454,+70.00,2388.452962758204
20260615,2475.0,2475.0,2410.0,2410.0,2107865,5135902405,10950,+5.00,2393.418561433377
20260616,2455.0,2470.0,2370.0,2370.0,3025487,7242860310,18566,-40.00,2353.6937720319934
20260617,2365.0,2440.0,2330.0,2365.0,3829529,9054502255,20189,-5.00,2348.72817335682
20260618,2400.0,2425.0,2365.0,2400.0,3318114,7964551140,11953,+35.00,2383.487364083031
20260622,2465.0,2490.0,2380.0,2420.0,3254412,7936185690,14236,+20.00,2403.349758783723
20260623,2455.0,2475.0,2400.0,2425.0,3079821,7492793463,11491,+5.00,2408.315357458896
20260624,2355.0,2590.0,2335.0,2530.0,6494281,16023184935,28284,+105.00,2512.5929296375284
20260625,2595.0,2635.0,2485.0,2505.0,3833150,9748244120,14911,-25.00,2487.7649362616635
20260626,2475.0,2475.0,2255.0,2255.0,6567236,15240096640,50599,-250.00,2239.4850025030146
20260629,2220.0,2315.0,2220.0,2300.0,3084014,7032758260,10709,+45.00,2284.1753905795713
20260630,2380.0,2530.0,2370.0,2525.0,4835330,11993921150,20979,+225.00,2507.6273309623557
20260701,2615.0,2665.0,2500.0,2620.0,5567033,14509902815,25433,+95.00,2601.9737057906423
20260702,2565.0,2745.0,2525.0,2740.0,5061323,13521473385,24460,+120.00,2721.148073994794
20260703,2690.0,2780.0,2665.0,2760.0,4659120,12727945955,18094,+20.00,2741.0104686954855
20260706,2790.0,2790.0,2615.0,2670.0,3733969,10032199845,15856,-90.00,2651.629692542372
20260707,2670.0,2670.0,2410.0,2450.0,4349877,10910593515,25785,-220.00,2433.143350834761
20260708,2425.0,2440.0,2290.0,2325.0,4441500,10430098105,27281,-125.00,2309.003383955436
20260709,2380.0,2435.0,2335.0,2350.0,2889551,6872747488,9189,+25.00,2333.831377331301
20260713,2420.0,2420.0,2210.0,2225.0,2704759,6140607380,24265,-125.00,2209.691410451977
20260714,2185.0,2220.0,2015.0,2120.0,4396274,9218188720,25204,-105.00,2105.413838273344
20260715,2140.0,2200.0,2120.0,2165.0,2129895,4620568925,8848,+45.00,2150.1042263499007
20260716,2275.0,2290.0,2155.0,2225.0,4220745,9434223940,10672,+60.00,2209.691410451977
20260717,2160.0,2335.0,2145.0,2200.0,5543230,12498608770,15670,-25.00,2184.863417076112
20260720,2210.0,2240.0,2015.0,2135.0,4416999,9356599417,13601,-65.00,2120.310634298863
20260721,2190.0,2340.0,2175.0,2320.0,3736446,8489473280,10626,+185.00,2304.0377852802635
20260722,2385.0,2390.0,2255.0,2265.0,4356001,10034797450,14812,-55.00,2249.4161998533605
20260723,2350.0,2490.0,2350.0,2440.0,7157581,17555109085,26022,+175.00,2423.212153484415
20260724,2375.0,2510.0,2355.0,2380.0,4515686,10956024585,12818,-60.00,2363.6249693823393
20260727,2375.0,2420.0,2310.0,2400.0,2367643,5598378250,6876,+20.00,2383.487364083031
20260728,2285.0,2325.0,2225.0,2240.0,3173558,7200028160,11739,-160.00,2224.5882064774955
20260729,2225.0,2245.0,2020.0,2095.0,6379050,13423426555,21064,-145.00,2080.585844897479
20260730,2055.0,2200.0,2030.0,2110.0,4483632,9511034280,9229,+15.00,2095.482640922998
20260731,2320.0,2320.0,2275.0,2320.0,2498885,5777964465,9086,+210.00,2304.0377852802635
20260803,2400.0,2550.0,2400.0,2550.0,4533982,11388751630,17886,+230.00,2532.4553243382206
20260804,2595.0,2675.0,2560.0,2600.0,5548736,14509938570,19197,+50.00,2582.1113110899505
20260805,2660.0,2775.0,2640.0,2730.0,5823988,15860875725,25451,+130.00,2711.216876644448
20260806,2730.0,2965.0,2730.0,2940.0,9418730,27219624955,40761,+210.00,2919.7720210017133
20260807,2935.0,2935.0,2750.0,2785.0,4140360,11715402275,22811,-155.00,2765.8384620713505
20260810,2865.0,2890.0,2755.0,2765.0,3326767,9345241965,12738,-20.00,2745.9760673706587
20260811,2705.0,2800.0,2625.0,2760.0,3159103,8652305225,9931,-5.00,2741.0104686954855
20260812,2765.0,2915.0,2755.0,2910.0,4218037,12048731925,17125,+150.00,2889.978428950675
20260813,3030.0,3200.0,2925.0,3200.0,10569479,33001664680,43746,+290.00,3177.983152110708
20260814,3250.0,3320.0,3170.0,3235.0,7354711,23876896640,21501,+35.00,3212.742342836919
20260817,3230.0,3230.0,3115.0,3150.0,3126245,9919034100,14530,-85.00,3128.327165358978
20260818,3150.0,3180.0,2990.0,3035.0,3613625,11053113895,20008,-115.00,3014.11839583
20260819,2915.0,3160.0,2900.0,3095.0,3982151,12239049250,14272,X0.00,3095.0
20260820,3175.0,3175.0,2925.0,2985.0,3219927,9635258630,18098,-110.00,2985.0
20260821,2995.0,3035.0,2850.0,2865.0,2515057,7307288770,15685,-120.00,2865.0
20260824,2865.0,2935.0,2830.0,2855.0,2274318,6563630250,7634,-10.00,2855.0
20260825,2835.0,2950.0,2740.0,2950.0,2905308,8251099495,11078,+95.00,2950.0
20260826,2880.0,3155.0,2850.0,3155.0,5242984,15993879540,19337,+205.00,3155.0
20260827,3305.0,3440.0,3265.0,3340.0,6114908,20475933080,24875,+185.00,3340.0
20260828,3360.0,3450.0,3320.0,3360.0,4035280,13676448040,14384,+20.00,3360.0
20260831,3280.0,3425.0,3250.0,3425.0,4468442,15068026760,12374,+65.00,3425.0
20260901,3435.0,3465.0,3350.0,3410.0,3084829,10534323830,10350,-15.00,3410.0
20260902,3365.0,3490.0,3280.0,3310.0,3136748,10559265060,13557,-100.00,3310.0
20260903,3395.0,3525.0,3290.0,3300.0,4418016,15115243075,14328,-10.00,3300.0
20260904,3465.0,3570.0,3410.0,3570.0,4515440,15836041480,20403,+270.00,3570.0
20260907,3595.0,3595.0,3410.0,3420.0,3303272,11488040865,17931,-150.00,3420.0
20260908,3455.0,3455.0,3245.0,3285.0,3350997,11125560060,18392,-135.00,3285.0
20260909,3285.0,3395.0,3265.0,3380.0,2364600,7917222305,7315,+95.00,3380.0
20260910,3405.0,3470.0,3380.0,3460.0,2574023,8829341945,8676,+80.00,3460.0
20260911,3360.0,3390.0,3300.0,3370.0,2111512,7071715075,9299,-90.00,3370.0
20260914,3255.0,3360.0,3210.0,3310.0,2215371,7284098600,8943,-60.00,3310.0
20260915,3265.0,3300.0,3100.0,3115.0,3217593,10218771055,21051,-195.00,3115.0
20260916,3115.0,3225.0,3100.0,3175.0,2744795,8691980285,8940,+60.00,3175.0
20260917,3285.0,3350.0,3175.0,3185.0,3034388,9846738260,7616,+10.00,3185.0
20260918,3345.0,3450.0,3290.0,3430.0,3785048,12809231975,13530,+245.00,3430.0
20260921,3480.0,3495.0,3365.0,3415.0,1743425,5972229325,7146,-15.00,3415.0
20260922,3500.0,3505.0,3385.0,3390.0,2288258,7877677905,9128,-25.00,3390.0
20260923,3425.0,3590.0,3410.0,3470.0,2649367,9319874150,11102,+80.00,3470.0
20260924,3460.0,3600.0,3455.0,3555.0,2261001,7987635275,11662,+85.00,3555.0
20260929,3420.0,3460.0,3285.0,3400.0,3928028,13270927028,21163,-155.00,3400.0
20260930,3455.0,3575.0,3405.0,3435.0,3653169,12740725441,11302,+35.00,3435.0
20261001,3435.0,3520.0,3300.0,3510.0,3303220,11337539185,10761,+75.00,3510.0
20261002,3570.0,3570.0,3385.0,3440.0,3274994,11292176870,13125,-70.00,3440.0
20261005,3570.0,3690.0,3420.0,3585.0,4606753,16355725100,14673,+145.00,3585.0
20261006,3650.0,3700.0,3515.0,3685.0,3260797,11856470975,13400,+100.00,3685.0
20261007,3650.0,3655.0,3505.0,3545.0,3515134,12470368870,14657,-140.00,3545.0
20261008,3445.0,3515.0,3410.0,3440.0,3162171,10927267600,16099,-105.00,3440.0
